0 0.7370440299295774 0.20787401030927835 0.7386114735915493 0.20787401030927835 0.7413545 0.22197253608247425 0.794255727112676 0.20846144845360826 0.7934720052816902 0.2033703144329897 0.8038563204225352 0.20199962371134023 0.8032685299295775 0.1973001151202749 0.808362721830986 0.19690848969072164 0.8001336426056338 0.14227670103092785 0.7881818820422536 0.14403901718213058 0.7877900211267607 0.14834690034364262 0.7748586109154929 0.14971758934707904 0.7750545404929577 0.15676685223367698 0.7715277922535211 0.15872498109965635 0.7578126602112676 0.16087892268041237 0.7589882429577465 0.16773237285223366 0.7319498362676056 0.17204025601374573 0.7370440299295774 0.20787401030927835
0 0.7666295299295776 0.26759693298969073 0.8073830686619718 0.25682722508591066 0.8060115563380282 0.25408584536082474 0.8160040105633802 0.2511486529209622 0.8046400422535211 0.2121818934707904 0.7993499190140845 0.2129651443298969 0.7977824753521127 0.2113986408934708 0.7954313098591549 0.21100701546391754 0.794255727112676 0.20846144845360826 0.7541082588028168 0.2187151993127148 0.7666295299295776 0.26759693298969073
0 0.8160040105633802 0.2511486529209622 0.8546023133802817 0.24116219759450175 0.8432383450704225 0.19592942611683847 0.8040522517605634 0.2066991323024055 0.8046400422535211 0.2121818934707904 0.8160040105633802 0.2511486529209622
0 0.8073830686619718 0.25682722508591066 0.778139198943662 0.26455533848797247 0.7787772200704225 0.26798855841924396 0.7768179154929578 0.2683801855670103 0.7879859524647888 0.3063678797250859 0.8103220264084506 0.29971024226804127 0.8103220264084506 0.30068930756013745 0.8544063838028169 0.2914861030927835 0.8512714947183098 0.275037823024055 0.8546023133802817 0.2705341271477663 0.8467650950704225 0.24468682817869417 0.8073830686619718 0.25682722508591066
0 0.8631252887323944 0.2661772903780069 0.8725299524647887 0.263435910652921 0.8735096038732395 0.2683312319587629 0.9195532658450704 0.25912802749140895 0.9040747588028168 0.18941864776632303 0.8486264330985915 0.20234229725085912 0.8631252887323944 0.2661772903780069
0 0.833539786971831 0.15691371305841925 0.8298171091549296 0.15750115120274916 0.8327560651408451 0.16983736082474227 0.8480386426056338 0.16690016838487973 0.8527409735915493 0.18491495189003437 0.8564636531690141 0.18413170103092782 0.8582270264084507 0.19568465979381441 0.8976090528169014 0.18687308075601375 0.8858532235915493 0.11912182989690723 0.8284455950704225 0.13126222680412372 0.833539786971831 0.15691371305841925
0 0.9242555968309859 0.26402334879725087 0.9659887869718311 0.25462433161512027 0.9514899330985915 0.18843958419243986 0.9495306285211268 0.18843958419243986 0.947571323943662 0.1770824381443299 0.9072096461267606 0.185110764604811 0.9242555968309859 0.26402334879725087
0 1 0.20485295189003436 0.9985867200704226 0.20520606013745707 0.9932965968309858 0.18719127663230242 0.9827163521126762 0.18993265635738832 0.9782099507042253 0.1762257560137457 0.9516858626760565 0.18334844845360826 0.954992190140845 0.19727563917525773 0.954404397887324 0.19742249828178696 0.9636131302816902 0.23259538487972506 0.9620456866197183 0.23340311168384878 0.9660622623239435 0.24794221649484535 0.9646246461267606 0.24839725945017183 0.9659887869718311 0.25462433161512027 0.9703727323943662 0.26982430412371133 1 0.26105534192439867 1 0.20485295189003436
0 0.8512714947183098 0.275037823024055 0.8544063838028169 0.2914861030927835 0.8602598063380281 0.3281765378006873 0.927268028169014 0.31701520446735393 0.9174715035211268 0.2633624793814433 0.895749596830986 0.2638859037800687 0.8735096038732395 0.2683312319587629 0.8546023133802817 0.2705341271477663 0.8512714947183098 0.275037823024055
0 0.9246239154929577 0.30253417010309275 0.927268028169014 0.31701520446735393 0.8785607711267606 0.32512820790378005 0.8847511144366197 0.3480025910652921 0.8876410897887324 0.3471703848797251 0.887934985915493 0.3480515429553265 0.889159551056338 0.34795363745704466 0.8903351338028169 0.35275105154639175 0.891167838028169 0.3530937250859107 0.8950864471830986 0.36787759621993127 0.8962620299295775 0.36782864261168385 0.8992009876760563 0.3784025378006873 0.9014052059859154 0.3780598642611684 0.9050299190140846 0.3924031563573883 0.9062544841549297 0.3922073436426117 0.9075770158450703 0.3965152268041237 0.9070871883802816 0.39710266494845364 0.9070871883802816 0.3981306838487973 0.9092914066901409 0.39925660652920963 0.9100751285211268 0.4024385670103093 0.9202145299295775 0.39920765463917524 0.9199206355633802 0.39778801030927835 0.9735076197183098 0.38486436254295536 0.9706666285211268 0.3725281512027491 0.9727238978873238 0.37203861855670106 0.9587148697183098 0.311042912371134 0.9573433556338028 0.31084709965635743 0.9537186426056338 0.29586741580756015 0.9246239154929577 0.30253417010309275
0 0.9268761672535211 0.44125846563573884 0.9844797253521127 0.4199148642611684 0.986732926056338 0.41844626804123713 0.9844797253521127 0.4122781632302405 0.9830102482394366 0.41247397594501717 0.9810509436619719 0.4074807474226804 0.981736698943662 0.40679540206185566 0.9815407693661973 0.40454355498281785 0.9803651866197184 0.40434774226804127 0.9735076197183098 0.38486436254295536 0.9199206355633802 0.39778801030927835 0.9202145299295775 0.39920765463917524 0.9112614419014085 0.4020605481099656 0.9268761672535211 0.44125846563573884
0 0.8184776320422534 0.37350721649484536 0.8200450757042254 0.3789899759450172 0.8291558433098591 0.4054247130584192 0.8462997588028169 0.44791610309278346 0.8684399031690141 0.43993673024054986 0.9141896690140845 0.4214813676975945 0.9057156760563381 0.39994195189003434 0.8971927007042254 0.4028791443298969 0.8905310633802817 0.38437482989690724 0.8802447147887323 0.3530447714776632 0.8184776320422534 0.37350721649484536
0 0.8983682834507043 0.45927324914089346 0.9203124964788731 0.5100866872852233 0.9301090193661972 0.5046039278350516 0.9328520457746479 0.5035269570446735 0.94039536971831 0.5011772027491409 0.9352032112676056 0.48747030240549827 0.911103764084507 0.42510390549828175 0.8892575158450704 0.4341112972508591 0.8983682834507043 0.45927324914089346
0 0.8983682834507043 0.45927324914089346 0.8892575158450704 0.4341112972508591 0.8662961144366197 0.4407093573883161 0.8738769735915493 0.4623083487972509 0.8746606954225352 0.46191672336769757 0.8824979137323944 0.4826728865979381 0.8943517077464789 0.5109678453608247 0.8965069436619718 0.5149820085910654 0.903952301056338 0.5122406288659794 0.9043441619718309 0.513513412371134 0.9077729454225353 0.511946910652921 0.9080668415492958 0.5127301615120274 0.9191858133802816 0.5074777714776632 0.8983682834507043 0.45927324914089346
0 0.8896235704225353 0.4996818006872853 0.8824979137323944 0.4826728865979381 0.8746606954225352 0.46191672336769757 0.8738769735915493 0.4623083487972509 0.8662961144366197 0.4407093573883161 0.8462997588028169 0.44791610309278346 0.8289109295774648 0.4551611804123711 0.8321437834507043 0.46338531958762885 0.8340051232394365 0.46318950687285226 0.8383155933098592 0.47346968213058416 0.8400789665492958 0.47278433676975945 0.8434097852112676 0.48228126116838493 0.8501693855633803 0.4909949329896907 0.8552635792253521 0.5013730154639175 0.8565371267605634 0.5011772027491409 0.8600148926056338 0.5106741271477663 0.8615333538732395 0.5101845945017183 0.8684399031690141 0.5258006701030927 0.884408235915493 0.5182618745704468 0.8780404964788733 0.5036738161512028 0.8896235704225353 0.4996818006872853
0 0.8289109295774648 0.4551611804123711 0.8428673433098591 0.4493462233676976 0.833956139084507 0.4305377113402062 0.8381599207746478 0.42774141924398623 0.8359350035211267 0.4222269364261168 0.8357250387323943 0.4217065360824742 0.8291558433098591 0.4054247130584192 0.8226010387323944 0.3864060549828179 0.8075055264084507 0.39362698797250856 0.8075055264084507 0.394997676975945 0.7924188785211268 0.4030260051546392 0.8099546566901408 0.4357267525773196 0.8187715281690141 0.4305377113402062 0.8289109295774648 0.4551611804123711
0 0.7865409647887324 0.34457586597938145 0.7326600845070423 0.36895456701030926 0.7546042975352113 0.4121313024054983 0.8064279084507042 0.38501122164948454 0.7865409647887324 0.34457586597938145
0 0.8158325704225352 0.46039917353951887 0.7869328257042254 0.4737144484536083 0.8054482552816902 0.5067089158075602 0.8221023468309859 0.5395075704467354 0.8526675 0.527856704467354 0.8450262112676057 0.5133665532646048 0.858670301056338 0.5070023762886597 0.8565371267605634 0.5011772027491409 0.8552635792253521 0.5013730154639175 0.8501693855633803 0.4909949329896907 0.8434097852112676 0.48228126116838493 0.8400789665492958 0.47278433676975945 0.8383155933098592 0.47346968213058416 0.8340051232394365 0.46318950687285226 0.8313110792253521 0.468427501718213 0.8224942077464789 0.47322491580756015 0.8158325704225352 0.46039917353951887
0 1 0.46736917353951885 0.9966274154929577 0.4543289742268041 0.9952559014084507 0.454426881443299 0.9864390316901408 0.4240758883161512 0.9304518978873239 0.44630064776632306 0.9490163098591549 0.49486223711340205 0.989280022887324 0.48027417869415806 0.9978029982394366 0.47949092783505154 1 0.4785499209621993 1 0.46736917353951885
0 1 0.3190206958762886 0.9657683661971831 0.3276380532646048 0.9756628556338028 0.3691503797250859 0.9948150580985915 0.3641816288659794 0.994668110915493 0.36332494673539517 1 0.3616260910652921 1 0.3190206958762886
0 1 0.3616260910652921 0.994668110915493 0.36332494673539517 0.9948150580985915 0.3641816288659794 0.9952069190140844 0.36555231786941583 0.982961264084507 0.3687832302405498 0.9830592306338028 0.3698602010309278 0.9790426549295774 0.370839264604811 0.9781119859154929 0.37358064604811 0.9882513873239436 0.40941439862542955 1 0.4058183762886598 1 0.3616260910652921
0 1 0.4058183762886598 0.9882513873239436 0.40941439862542955 1 0.4536763144329897 1 0.4058183762886598
0 1 0.5223806580756014 0.9979744383802817 0.522839 0.9979744383802817 0.5330212680412371 1 0.5413915979381443 1 0.5223806580756014
0 0.8809549612676056 0.576295912371134 0.9020174876760563 0.6266687697594502 0.9185736126760564 0.6206964776632302 0.9207288485915492 0.6259834261168385 0.9303294419014085 0.6214797302405498 0.9354236338028168 0.6354803487972508 0.9492367323943662 0.6284310859106529 0.945807948943662 0.6160948762886599 0.9568780211267606 0.6127660567010309 0.9347378767605633 0.556078233676976 0.9184756478873239 0.5603861168384879 0.9155366901408452 0.5644002800687284 0.8970702429577464 0.5697361804123712 0.8809549612676056 0.576295912371134
0 0.8487243996478874 0.6776045910652921 0.8498020176056338 0.6821082869415808 0.8444139295774649 0.675450649484536 0.8244290211267605 0.6845559484536082 0.8248208820422536 0.6869057027491409 0.816591801056338 0.6915073041237113 0.8166897676056338 0.693269620274914 0.8141426707746479 0.694934029209622 0.8189429665492958 0.7027665446735395 0.8203144806338029 0.7020811993127148 0.8213920985915493 0.7041372336769759 0.839907528169014 0.7203897027491408 0.8434342764084507 0.719214824742268 0.856267721830986 0.7237185206185567 0.8587168538732394 0.7263619948453608 0.8694930299295776 0.7253829295532646 0.8806610669014084 0.7222499243986253 0.8814447887323944 0.7246975859106529 0.8910453820422536 0.7220541116838488 0.896139573943662 0.7383065790378007 0.901527661971831 0.7366421701030929 0.8980988785211268 0.7220541116838488 0.9084831936619718 0.7198022628865979 0.9051523749999999 0.7038435154639175 0.8997642869718311 0.687884766323024 0.8910453820422536 0.690626147766323 0.8798773450704225 0.6654641941580756 0.8487243996478874 0.6776045910652921
0 0.059712382042253515 0.8529550103092784 0.05981034683098591 0.8464931855670104 0.060887964788732395 0.8464931855670104 0.05765511267605634 0.8117364020618557 0.05736121654929577 0.7875535137457045 0.0351231073943662 0.7891200171821307 0.03463328169014084 0.8540319810996563 0.059712382042253515 0.8529550103092784
0 0.05765511267605634 0.8117364020618557 0.060887964788732395 0.8464931855670104 0.06108389436619719 0.8481575945017182 0.09458800704225352 0.8462973728522337 0.09282463204225351 0.8203521683848797 0.0941961443661972 0.8203521683848797 0.09703713732394366 0.8508010687285223 0.13103107394366198 0.8481575945017182 0.13024735211267607 0.843458085910653 0.12916973415492958 0.8435559931271478 0.12544705633802816 0.7853995721649485 0.0573803661971831 0.7891292972508591 0.05765511267605634 0.8117364020618557
0 0.12956159507042253 0.8249537714776632 0.14308079753521127 0.8242684261168385 0.14357062499999998 0.8303386254295532 0.14709737323943664 0.8297511855670103 0.14778313028169013 0.8448287766323024 0.1647311161971831 0.8432622731958763 0.16404535915492957 0.8123238419243985 0.16340858450704224 0.8076243333333333 0.16389841197183097 0.805666204467354 0.16326163732394366 0.7911270996563574 0.1627228292253521 0.7810916890034365 0.1573837235915493 0.7813854089347079 0.15723677464788732 0.7781544965635739 0.15395494014084507 0.7783503092783506 0.14322774647887324 0.778644029209622 0.14293385035211267 0.7922530223367698 0.132402588028169 0.791812443298969 0.13215767429577463 0.7996449587628867 0.12833702992957746 0.7997918178694158 0.12956159507042253 0.8249537714776632
0 0.03468226408450704 0.9373014003436426 0.0497689102112676 0.9373014003436426 0.047417744718309854 0.8748370979381443 0.03487819366197183 0.8760119742268042 0.03468226408450704 0.9373014003436426
0 0.051385336267605636 0.9376930274914089 0.12020591549295775 0.9345600206185568 0.11707102816901407 0.8711166529209622 0.08356691725352113 0.8709208402061855 0.08356691725352113 0.8769910395189003 0.08239133450704227 0.8769910395189003 0.08239133450704227 0.8738580343642611 0.04859332746478873 0.8754734896907217 0.051385336267605636 0.9376930274914089
0 0.12304690669014084 0.9336788625429554 0.15517950528169014 0.9325039862542955 0.1537100264084507 0.8691585240549828 0.1345088397887324 0.8714103728522337 0.11912829753521127 0.8715082783505155 0.12304690669014084 0.9336788625429554
0 0.1573347411971831 0.9322102663230241 0.18966326936619718 0.9310353900343643 0.19074088556338029 0.9291751666666667 0.18868361619718307 0.8865858694158075 0.17389086619718308 0.8873691202749142 0.17379289964788733 0.8843340223367698 0.15625712323943663 0.8859984312714776 0.1573347411971831 0.9322102663230241
0 0.19299408626760564 0.930154231958763 0.24168280985915494 0.9287835412371134 0.24148687852112677 0.9280981958762886 0.2504017147887324 0.9276086649484536 0.2383519911971831 0.8785575429553265 0.23952757394366195 0.8781659158075601 0.23933164436619717 0.869060618556701 0.22052231866197183 0.869648056701031 0.22022842253521127 0.8767952268041237 0.2080807323943662 0.8772847594501718 0.2079827676056338 0.8702354948453608 0.1906429207746479 0.8707250274914089 0.19044699119718309 0.8724873436426117 0.19299408626760564 0.930154231958763
0 0.0556154278169014 1 0.05055263204225352 0.95169364604811 0.05055263204225352 0.9394553419243986 0.035172089788732395 0.9395532491408934 0.03507989084507042 1 0.0556154278169014 1
0 0.10954629049295775 1 0.12402655985915492 0.9996677972508591 0.12206725528169013 0.9839048625429553 0.12020591549295775 0.9361265240549829 0.05055263204225352 0.9394553419243986 0.05055263204225352 0.95169364604811 0.0556154278169014 1 0.10954629049295775 1
0 0.1601733573943662 1 0.1575306707746479 0.9338746752577318 0.12255708098591549 0.9360286168384879 0.123242838028169 0.9492459862542956 0.12226318485915492 0.9524768986254295 0.12314487323943661 0.983855908934708 0.12402655985915492 0.9996677972508591 0.12407240845070423 1 0.1601733573943662 1
0 0.1600007165492958 0.9956801735395189 0.1940717042253521 0.9947724759450172 0.1932879823943662 0.9694147113402061 0.19485542605633802 0.9691209914089347 0.1931900176056338 0.9455255412371135 0.19191646830985917 0.9457213539518899 0.19123071302816902 0.932797704467354 0.1575306707746479 0.9338746752577318 0.1600007165492958 0.9956801735395189