0 0.03507989084507042 0 0.035074125 0.0037798676975945014 0.05398141549295775 0.0024091786941580757 0.055744790492957746 0.0012343006872852233 0.0556154278169014 0 0.03507989084507042 0
0 0.0556154278169014 0 0.055744790492957746 0.0012343006872852233 0.10954629049295775 0 0.0556154278169014 0
0 0.12407240845070423 0 0.12441842077464789 0.0025070841924398624 0.1601757323943662 0.00005942439862542955 0.1601733573943662 0 0.12407240845070423 0
0 0.09502885035211268 0.06139780240549829 0.09620443309859154 0.08890951030927835 0.16517195950704225 0.08587441065292097 0.16164521126760564 0.025270329896907216 0.149203625 0.026249393470790378 0.149203625 0.024584984536082474 0.10835212147887324 0.026347300687285226 0.10766636443661971 0.028599147766323024 0.0938532676056338 0.0298229793814433 0.09502885035211268 0.06139780240549829
0 0.16918853345070423 0.08538487800687285 0.23629472183098593 0.08225187285223368 0.23227814612676057 0.0231163883161512 0.16752312500000002 0.0266410206185567 0.1646821338028169 0.027032646048109968 0.16918853345070423 0.08538487800687285
0 0.23698047711267603 0.07104158591065293 0.246532088028169 0.06937717697594502 0.264459727112676 0.07016042955326461 0.2679864753521127 0.06947508419243986 0.2656353098591549 0.020717680412371133 0.23404152112676058 0.022528950171821306 0.23698047711267603 0.07104158591065293
0 0.3154016496478873 0.017682580756013744 0.3164792676056338 0.020913493127147766 0.3142260669014084 0.021990463917525776 0.32794120070422533 0.05390796048109966 0.35390198767605635 0.04274662714776632 0.3385214454225352 0.007304499999999999 0.3154016496478873 0.017682580756013744
0 0.035319038732394364 0.12205083676975945 0.037474272887323946 0.15592646219931272 0.07264379225352112 0.15396833333333335 0.07313361971830985 0.14642953951890034 0.0709783838028169 0.14652744501718212 0.0681373926056338 0.09267890721649484 0.0350251426056338 0.09395169243986254 0.035319038732394364 0.12205083676975945
0 0.0729376883802817 0.14456931615120275 0.10707857394366198 0.1426601408934708 0.10590299119718309 0.11446308934707905 0.09542071126760562 0.11475680756013745 0.09532274471830986 0.10888242268041237 0.10541316549295775 0.1085887027491409 0.10443351232394367 0.09018229381443299 0.07039059330985915 0.09214042268041236 0.0729376883802817 0.14456931615120275
0 0.130786161971831 0.1474086030927835 0.17585017077464787 0.1458910532646048 0.17457662147887323 0.08861579037800688 0.12823906514084507 0.09018229381443299 0.130786161971831 0.1474086030927835
0 0.1748629014084507 0.10149065635738833 0.17800540492957745 0.14873034020618559 0.21317492605633803 0.1464784914089347 0.2098930897887324 0.08538487800687285 0.1755562746478873 0.0874898676975945 0.17457662147887323 0.08861579037800688 0.1748629014084507 0.10149065635738833
0 0.2130843926056338 0.1447931494845361 0.2137627165492958 0.14464274570446736 0.21386068133802816 0.14706593127147766 0.2502792588028169 0.14412873711340207 0.2455769278169014 0.08323093642611684 0.2098930897887324 0.08538487800687285 0.2130843926056338 0.1447931494845361
0 0.035098616197183095 0.18718309106529207 0.03480472007042253 0.24543741752577317 0.0684067957746479 0.24328347594501717 0.06703528345070423 0.18483333676975947 0.035098616197183095 0.18718309106529207
0 0.07134575352112676 0.24352824226804126 0.11062981338028169 0.24127639518900346 0.1085725440140845 0.18174928350515462 0.06899458802816902 0.18434380412371135 0.07134575352112676 0.24352824226804126
0 0.11386266725352114 0.2408847680412371 0.13776618485915493 0.24019942439862543 0.1353170528169014 0.21131702577319586 0.13090861795774647 0.21072958762886598 0.129831 0.19193155326460482 0.11121760563380281 0.1920294587628866 0.11386266725352114 0.2408847680412371
0 0.15437129225352114 0.2385350137457045 0.1899326725352113 0.23667479209621994 0.1896387764084507 0.22952762199312712 0.19159808274647885 0.22923390378006872 0.19140215140845068 0.21944325945017182 0.1536855352112676 0.22189092096219928 0.15437129225352114 0.2385350137457045
0 0.19590855281690142 0.22561136597938145 0.19355738732394365 0.22590508419243985 0.19326349119718308 0.23618525945017182 0.254491764084507 0.23452085051546395 0.2549815897887324 0.23393341237113402 0.2743787077464789 0.2323669089347079 0.2733010897887324 0.2049531082474227 0.26085950352112675 0.2057363591065292 0.2577246161971831 0.2068133298969072 0.23881732570422537 0.2055405463917526 0.23685802112676058 0.1746021151202749 0.20639083274647888 0.17567908591065293 0.20580304049295775 0.19065876975945018 0.20354984154929578 0.19340014948453607 0.1952227957746479 0.19516246563573883 0.19590855281690142 0.22561136597938145
0 0.2771217341549296 0.23099621993127145 0.33173735387323944 0.22987029553264607 0.33173735387323944 0.22879332474226804 0.34932211267605634 0.22776530756013744 0.3285534823943662 0.17107748281786941 0.3053357218309859 0.171028529209622 0.29064093661971835 0.17132224914089347 0.2860855528169014 0.17249712542955326 0.2738888802816901 0.17303561168384882 0.2771217341549296 0.23099621993127145
0 0.30171100880281687 0.29629980927835053 0.34119099823943666 0.29443958591065295 0.3408971021126761 0.2905233298969072 0.3549061320422535 0.290621235395189 0.36695585563380284 0.2837677852233677 0.3486363573943662 0.23182842439862542 0.29847815492957747 0.23403131786941583 0.30171100880281687 0.29629980927835053
0 0.25635310387323945 0.23623421305841927 0.2589981654929578 0.2945864467353952 0.29847815492957747 0.2912576271477663 0.2950493714788732 0.23368864604810996 0.25635310387323945 0.23623421305841927
0 0.214619911971831 0.23917140549828178 0.21746090492957745 0.2990411890034364 0.23769072535211266 0.29855165635738834 0.2385234295774648 0.2964466683848797 0.2530222852112676 0.2942437731958763 0.2523365281690141 0.23672374570446736 0.214619911971831 0.23917140549828178
0 0.17376840845070424 0.24000360996563572 0.17602160915492956 0.3024679140893471 0.19630041373239435 0.3014888505154639 0.19620244894366198 0.299824439862543 0.21599142605633803 0.2995307216494845 0.21295450352112674 0.2390245463917526 0.17376840845070424 0.24000360996563572
0 0.17602160915492956 0.3024679140893471 0.1746372147887324 0.2640890567010309 0.1744425792253521 0.25869329037800687 0.17427329049295776 0.2540001580756014 0.1731316355633803 0.25375946391752574 0.15329367429577465 0.25424899656357386 0.1519711443661972 0.2577736288659794 0.1382560105633803 0.258214206185567 0.13859888908450704 0.2702566975945017 0.13409248767605636 0.2705504175257732 0.13487620950704224 0.3057967319587629 0.1756297482394366 0.3043281357388316 0.17602160915492956 0.3024679140893471
0 0.1337985915492958 0.26878810137457043 0.12782271302816903 0.2688860085910653 0.12684305985915492 0.2600744295532646 0.11391164964788733 0.2596828041237113 0.10852356161971831 0.25508120103092785 0.09157557570422535 0.2559623591065292 0.09363284507042254 0.2903275171821306 0.13447100352112676 0.2875733780068728 0.13409248767605636 0.2705504175257732 0.1337985915492958 0.26878810137457043
0 0.0350496338028169 0.24764031271477666 0.035245563380281696 0.3096150841924398 0.05297727112676057 0.3092234570446735 0.05366302816901408 0.3065799845360825 0.0498423838028169 0.24744449999999998 0.0350496338028169 0.24764031271477666
0 0.034853702464788736 0.3970455274914089 0.05650402112676057 0.39557693127147764 0.05317320246478873 0.3366372594501718 0.03534352992957746 0.3372246975945017 0.034853702464788736 0.3970455274914089
0 0.05615593133802817 0.3894174140893471 0.057679603873239435 0.3911711408934708 0.061108387323943664 0.39381461512027494 0.08050550352112676 0.3935208951890034 0.0802116073943662 0.38510094158075603 0.09735552464788733 0.38510094158075603 0.09608197535211267 0.35073578522336774 0.07707672007042254 0.3519106615120275 0.07688079049295775 0.33272100171821306 0.0534670985915493 0.3335042525773196 0.05317320246478873 0.3366372594501718 0.05615593133802817 0.3894174140893471
0 0.09723632218309859 0.3818844140893471 0.10690713556338029 0.38262880412371136 0.10631934330985915 0.3947692027491409 0.1390397323943662 0.39349641924398626 0.13688449647887324 0.3447390154639175 0.12414901584507043 0.3451306408934708 0.12365919014084507 0.33455674742268043 0.11650772711267605 0.3361232491408935 0.1131769102112676 0.33445884020618555 0.09475944542253521 0.33494837285223367 0.09535154577464788 0.35078093814432987 0.09608197535211267 0.35073578522336774 0.09723632218309859 0.3818844140893471
0 0.1390397323943662 0.39349641924398626 0.1399214190140845 0.395258735395189 0.1492281161971831 0.39300688659793814 0.17832379225352113 0.39085294501718215 0.1773441408450704 0.34542436082474226 0.1573592323943662 0.34610970618556697 0.15686940492957746 0.33250071134020615 0.13688449647887324 0.33299024398625426 0.13688449647887324 0.3447390154639175 0.1390397323943662 0.39349641924398626
0 0.17832379225352113 0.39085294501718215 0.21937122711267606 0.38860109793814435 0.2173139559859155 0.3298572388316151 0.17763803521126761 0.333675589347079 0.1773441408450704 0.34542436082474226 0.17832379225352113 0.39085294501718215
0 0.22133053169014086 0.3634391443298969 0.2215264612676056 0.3894822542955327 0.23798462147887323 0.389286441580756 0.24484218838028166 0.38840528350515463 0.2613983133802817 0.38693668728522335 0.25914511267605633 0.3245702903780069 0.21937122711267606 0.3269200446735395 0.21888139964788733 0.32829073539518905 0.22133053169014086 0.3634391443298969
0 0.264043375 0.3861534364261168 0.30244574823943665 0.3824329914089347 0.30019254753521124 0.32241634879725084 0.26296575704225356 0.35452965979381446 0.264043375 0.3861534364261168
0 0.30499284330985915 0.3854680910652921 0.3398684683098591 0.3831183367697595 0.3446687640845071 0.3815518333333333 0.34055422535211266 0.3246681975945017 0.3015640598591549 0.32182891065292096 0.30499284330985915 0.3854680910652921
0 0.3466280686619718 0.3822371786941581 0.3833650334507042 0.38233508591065296 0.39130021654929575 0.3796916116838488 0.3923778345070423 0.3775376701030928 0.39022260035211265 0.32652841924398623 0.3923778345070423 0.32623470103092783 0.3920839383802817 0.32045822164948456 0.35289784507042254 0.32173100515463915 0.34319928521126764 0.32319960137457043 0.3466280686619718 0.3822371786941581
0 0.37778101408450704 0.4453868281786941 0.400117088028169 0.44421195017182136 0.42480432746478874 0.4419601030927835 0.4247063626760563 0.4393166288659794 0.43998894014084505 0.43804384536082475 0.4394991144366197 0.4329527113402062 0.45164680281690145 0.4315820206185567 0.4506671514084507 0.4199311546391753 0.4537040721830986 0.4191479037800688 0.42725345950704224 0.3797895189003436 0.3933574876760563 0.3828246185567011 0.3929656267605634 0.38458693298969077 0.3755278133802817 0.3856639037800687 0.37778101408450704 0.4453868281786941
0 0.33643968485915493 0.3862513436426117 0.3377132323943662 0.4445056701030928 0.36034320246478874 0.4443098573883162 0.3609309929577465 0.4309945824742268 0.37720038556338026 0.42999679037800687 0.3755278133802817 0.3856639037800687 0.33643968485915493 0.3862513436426117
0 0.33261904049295776 0.3856639037800687 0.30577656514084506 0.38674087457044676 0.2936288767605634 0.386055529209622 0.29744952112676054 0.44871564604811 0.33555799823943666 0.4462679862542955 0.3352641021126761 0.443820324742268 0.33261904049295776 0.3856639037800687
0 0.26355354753521126 0.3889927233676976 0.2538549894366197 0.39104875773195874 0.2570878433098591 0.45184865120274914 0.2786401954225352 0.4513591202749141 0.2786401954225352 0.4398061615120275 0.2952942852112676 0.43853337800687286 0.2965506971830986 0.4339745824742268 0.2936288767605634 0.386055529209622 0.26355354753521126 0.3889927233676976
0 0.23788665669014084 0.40181846563573886 0.23714737147887321 0.3892964037800687 0.21182790316901406 0.39144038316151203 0.21398313908450703 0.42267253608247424 0.21285653873239435 0.42277044158075605 0.21471787852112675 0.4541005 0.2306862112676056 0.4536599209621993 0.23357618661971832 0.4513101666666666 0.23435990845070426 0.4475407697594502 0.2549326073943662 0.4466106580756014 0.25258144190140847 0.4011331202749141 0.23788665669014084 0.40181846563573886
0 0.17156419014084506 0.3939859501718213 0.17381739084507042 0.43461712027491406 0.17224994718309858 0.4353024656357388 0.17352349647887325 0.45527537628865977 0.19066741197183099 0.4546879381443299 0.19301857746478873 0.45277876288659796 0.21319941725352112 0.4518976048109966 0.21030944190140846 0.3924194484536082 0.17156419014084506 0.3939859501718213
0 0.1290472781690141 0.3958461735395189 0.13012489612676056 0.4161128041237113 0.1317903045774648 0.4574293178694158 0.13276995774647887 0.4578209450171822 0.17352349647887325 0.45527537628865977 0.17224994718309858 0.4353024656357388 0.16823337323943663 0.3944754828178694 0.1290472781690141 0.3958461735395189
0 0.08829373943661972 0.39741267525773194 0.09152659330985916 0.4628141718213058 0.13032082570422535 0.46085604295532645 0.12885134859154931 0.4197353419243986 0.1278716954225352 0.39643361168384883 0.08829373943661972 0.39741267525773194
0 0.035000651408450704 0.40123102749140893 0.03480472007042253 0.46271626632302404 0.07212947535211267 0.46075813745704464 0.07310912852112676 0.4624225463917526 0.09152659330985916 0.4628141718213058 0.08829373943661972 0.39741267525773194 0.035000651408450704 0.40123102749140893
0 0.0350496338028169 0.5493145051546391 0.05704282922535211 0.548335439862543 0.05684689788732394 0.5043265 0.035490477112676055 0.5056971890034364 0.0350496338028169 0.5493145051546391
0 0.05910009859154929 0.5463528350515464 0.09280014084507042 0.5463528350515464 0.09250624471830986 0.5376391632302406 0.09426961971830985 0.5381286941580756 0.09201641901408451 0.5019033144329897 0.05772858626760563 0.5045957422680412 0.05910009859154929 0.5463528350515464
0 0.09426961971830985 0.5381286941580756 0.10073532394366197 0.5380307886597938 0.10151904753521127 0.5462549278350516 0.11699755457746479 0.5453737714776632 0.11670365845070423 0.5347998762886598 0.1278716954225352 0.5339187182130585 0.1261083204225352 0.5020991288659794 0.09201641901408451 0.5019033144329897 0.09426961971830985 0.5381286941580756
0 0.1278716954225352 0.5339187182130585 0.12845948767605633 0.5457653969072165 0.16294325 0.5445905189003436 0.16323714612676057 0.5270652680412371 0.16294325 0.5166871855670103 0.16166970246478873 0.5016095962199313 0.1608859806338028 0.48506340893470784 0.12650018133802818 0.48594456701030925 0.1261083204225352 0.5020991288659794 0.1278716954225352 0.5339187182130585
0 0.16318816373239436 0.5039593505154639 0.16460865845070424 0.5166871855670103 0.1639718855633803 0.5300514140893471 0.19649634330985916 0.5286317714776632 0.1978678573943662 0.5253029518900344 0.19679023943661972 0.49661636769759454 0.19394924823943663 0.49739961855670106 0.19306755985915494 0.485552941580756 0.19110825528169012 0.4874131632302406 0.18474051584507042 0.48506340893470784 0.1829771408450704 0.4884901340206186 0.17788294894366197 0.48790269587628865 0.1768053309859155 0.48565084707903783 0.16544136443661972 0.4875110704467354 0.16269833626760563 0.4905461683848797 0.16318816373239436 0.5039593505154639
0 0.1978678573943662 0.5253029518900344 0.1987495440140845 0.543905173539519 0.2354865088028169 0.5401847302405498 0.23460482042253522 0.5180578762886597 0.23342923767605633 0.4951477714776632 0.232547551056338 0.4948540515463918 0.23225365492957745 0.47997227491408934 0.19679023943661972 0.4808534329896907 0.19679023943661972 0.49661636769759454 0.1978678573943662 0.5253029518900344
0 0.23460482042253522 0.5180578762886597 0.2354865088028169 0.5401847302405498 0.27016620246478873 0.537932881443299 0.26850079225352114 0.49524567869415803 0.23342923767605633 0.4951477714776632 0.23460482042253522 0.5180578762886597
0 0.2698342394366197 0.5294241408934708 0.3034743820422535 0.5275548006872852 0.3026906602112676 0.4911336082474227 0.26850079225352114 0.49524567869415803 0.2698342394366197 0.5294241408934708
0 0.3066092693661972 0.5371741065292096 0.37391138732394363 0.5332578505154639 0.37229496126760564 0.487339733676976 0.35642459330985915 0.4885146099656357 0.35475918309859156 0.4723600498281787 0.33722340669014084 0.4722621426116838 0.3366356144366197 0.46932495017182135 0.3199815246478873 0.4717726116838488 0.3175323943661972 0.48978739347079037 0.3041111566901409 0.49169657044673537 0.3066092693661972 0.5371741065292096
0 0.4095217517605634 0.5333557560137457 0.4075624471830986 0.4747098041237114 0.3721969964788732 0.47519933676975945 0.37229496126760564 0.487339733676976 0.37391138732394363 0.5332578505154639 0.4095217517605634 0.5333557560137457
0 0.4433197588028169 0.5014382594501718 0.44478923591549296 0.5158305051546391 0.44606278521126763 0.5311039089347079 0.4786852077464788 0.5293415927835051 0.47995875704225355 0.523467206185567 0.47799945246478875 0.4638421907216495 0.4433197588028169 0.46736682130584195 0.4433197588028169 0.5014382594501718
0 0.47995875704225355 0.523467206185567 0.48035061795774653 0.527530323024055 0.5663640950704226 0.5238098797250859 0.5639149647887324 0.519404089347079 0.5648946161971831 0.518327118556701 0.5532367535211268 0.5037390601374571 0.5480445968309859 0.5033963883161512 0.5381990897887324 0.5004591958762886 0.5375623151408451 0.49419318384879724 0.5359948714788733 0.48636066838487974 0.5338396373239437 0.4829339432989691 0.5167936848591549 0.4836192886597938 0.5165977552816902 0.46609403780068726 0.4780712112676056 0.46602592955326455 0.47995875704225355 0.523467206185567
0 0.537954176056338 0.5757981941580756 0.537954176056338 0.5715882182130584 0.5585268767605633 0.5706091529209623 0.5585268767605633 0.5652242989690721 0.5689111919014084 0.5641473298969073 0.5686172957746479 0.5451534810996564 0.5702827042253521 0.5530839020618556 0.5827242904929577 0.5478948608247424 0.5819405686619719 0.5416288505154638 0.577238235915493 0.5307612353951889 0.5680295052816902 0.532915176975945 0.5667559559859154 0.5263554467353951 0.5167936848591549 0.528607293814433 0.5182631637323943 0.5768751649484537 0.537954176056338 0.5757981941580756
0 0.41157902112676054 0.533404709621993 0.4130485 0.5786374810996564 0.44665057570422534 0.5757981941580756 0.44478923591549296 0.5323277388316151 0.41157902112676054 0.533404709621993
0 0.34290539084507043 0.5822600189003436 0.35515104401408454 0.5806935154639175 0.3577961056338028 0.5792249192439862 0.3772911883802817 0.5791270137457044 0.37391138732394363 0.5332578505154639 0.3407058644366197 0.5351900532646048 0.34290539084507043 0.5822600189003436
0 0.27031314964788733 0.542607914089347 0.27325210739436623 0.6050722182130585 0.30744197535211265 0.6034078075601375 0.3041111566901409 0.5520069312714777 0.3005844084507042 0.5518111185567011 0.2999966161971831 0.5439786048109966 0.29304108450704225 0.5396707216494846 0.27432972359154933 0.5401602525773196 0.27031314964788733 0.542607914089347
0 0.236319213028169 0.5425100068728522 0.24053171830985917 0.6059533745704467 0.2614962781690141 0.6036036202749141 0.27168466373239436 0.6044847783505154 0.26835384507042254 0.5412372233676976 0.236319213028169 0.5425100068728522
0 0.2226040792253521 0.5510278676975945 0.22221221830985916 0.5433911649484535 0.20124765845070425 0.5450555756013746 0.20271713556338028 0.5872532474226804 0.20163951936619717 0.5873511529209622 0.20183544894366195 0.5944004158075601 0.23690700352112676 0.5922464742268042 0.2340660123239437 0.5516153058419243 0.2226040792253521 0.5510278676975945
0 0.1649025545774648 0.5466220773195877 0.16549034683098593 0.5753086615120274 0.16921302464788734 0.6080094106529209 0.20114969190140844 0.6059533745704467 0.1997781795774648 0.5708049656357388 0.19752497887323944 0.5454472010309278 0.1649025545774648 0.5466220773195877
0 0.16235545950704225 0.5458388264604811 0.1291452429577465 0.547503235395189 0.13228013028169014 0.6109466030927835 0.16909422887323944 0.6069658797250859 0.16549034683098593 0.5753086615120274 0.1649025545774648 0.5466220773195877 0.16235545950704225 0.5458388264604811
0 0.1291452429577465 0.547503235395189 0.1271859383802817 0.547503235395189 0.09613095950704224 0.5480906735395189 0.09446554929577465 0.5496571769759451 0.09750247183098593 0.6116319484536082 0.11494028345070421 0.6105549776632303 0.11474435387323943 0.6057575618556701 0.13194159507042252 0.6040953556701031 0.1291452429577465 0.547503235395189
0 0.06938644894366197 0.5500488024054982 0.060667542253521126 0.5526922766323024 0.06331260387323943 0.610652884879725 0.06223498591549296 0.610652884879725 0.06213702112676056 0.6140796099656358 0.09745297007042254 0.6106217439862542 0.09446554929577465 0.5496571769759451 0.06938644894366197 0.5500488024054982
0 0.05851230809859155 0.5556784226804123 0.057091811619718304 0.5519090257731959 0.035245563380281696 0.5523006512027492 0.03475573767605634 0.6110934621993127 0.04151533978873239 0.6115340412371134 0.043131765845070426 0.6048274518900343 0.04406243485915493 0.6046805910652922 0.044356330985915494 0.6113871821305842 0.06223498591549296 0.610652884879725 0.05851230809859155 0.5556784226804123
0 0.0351475985915493 0.7053284037800687 0.0571897764084507 0.7042514329896907 0.05552436795774648 0.669005116838488 0.053956924295774644 0.6692009295532646 0.05356506338028169 0.6588228487972508 0.03553945950704226 0.6610746958762886 0.0351475985915493 0.7053284037800687
0 0.0571897764084507 0.7042514329896907 0.05689588204225353 0.7064053745704467 0.09177150528169015 0.7026849295532646 0.08971423591549296 0.6718444037800687 0.0902040616197183 0.6542212457044673 0.089322375 0.6397310945017182 0.06757409154929578 0.6405143453608247 0.0682598485915493 0.6547107783505155 0.054740646126760564 0.6566689072164948 0.05552436795774648 0.669005116838488 0.0571897764084507 0.7042514329896907
0 0.0911837147887324 0.6728234673539519 0.09152659330985916 0.682760970790378 0.09250624471830986 0.6835442216494846 0.09358386267605634 0.7007268006872852 0.10323343838028169 0.7004820343642612 0.10313547359154929 0.7027828367697595 0.12654916549295775 0.7019506323024055 0.12331631161971832 0.6375281993127148 0.10538867429577466 0.6376261065292096 0.10558460387323944 0.6499623161512028 0.0912326971830986 0.6512350996563574 0.0911837147887324 0.6728234673539519
0 0.12636881690140847 0.6983567731958763 0.1437910457746479 0.6971532164948454 0.14477069894366199 0.6989155326460481 0.1622085105633803 0.6983280927835052 0.15897565845070424 0.6432067731958763 0.13957854049295773 0.6394863281786941 0.13908871478873241 0.6373323865979382 0.12331631161971832 0.6375281993127148 0.12636881690140847 0.6983567731958763
0 0.1622085105633803 0.6983280927835052 0.19737803169014084 0.6958804329896907 0.19649634330985916 0.6834463161512028 0.19718210035211267 0.6826630635738832 0.1952227957746479 0.648787439862543 0.1766094014084507 0.6504518487972508 0.17602160915492956 0.6435004914089347 0.15897565845070424 0.6432067731958763 0.1622085105633803 0.6983280927835052
0 0.16598017253521125 0.7455189931271478 0.16671491197183097 0.7627015721649485 0.19752497887323944 0.7612819295532646 0.201443588028169 0.7604007714776633 0.19830870070422535 0.6980343745704468 0.1646576426056338 0.7006778470790378 0.16598017253521125 0.7455189931271478
0 0.1325740264084507 0.7679395670103093 0.1639229031690141 0.7655898127147766 0.16637203345070423 0.765393998281787 0.16671491197183097 0.7627015721649485 0.1661774753521127 0.750133089347079 0.16460865845070424 0.7505122216494845 0.1627473204225352 0.717321941580756 0.16511302288732396 0.7161177766323025 0.1646576426056338 0.7006778470790378 0.14521154225352112 0.7019506323024055 0.14477069894366199 0.6989155326460481 0.1437910457746479 0.6971532164948454 0.12636881690140847 0.6983567731958763 0.12654916549295775 0.7019506323024055 0.12826355633802816 0.7199409381443299 0.13029633450704226 0.7199164621993127 0.13228013028169014 0.7573656718213058 0.1325740264084507 0.7679395670103093
0 0.09166714612676057 0.7011204845360824 0.09177150528169015 0.7026849295532646 0.09316751056338028 0.7180562388316151 0.09414716197183098 0.7242243453608247 0.09698815492957746 0.7648555137457045 0.10649078169014084 0.7631911048109966 0.1058050264084507 0.7385186838487973 0.11981405457746479 0.7372459003436426 0.12118556866197183 0.7521276769759451 0.13010040492957747 0.7517360515463918 0.1306881954225352 0.7502674553264606 0.1294159559859155 0.7199270618556701 0.12826355633802816 0.7199409381443299 0.12654916549295775 0.7019506323024055 0.10313547359154929 0.7027828367697595 0.10323343838028169 0.7004820343642612 0.09358386267605634 0.7007268006872852 0.09166714612676057 0.7011204845360824
0 0.09064752992957746 0.7028048333333333 0.07425583274647887 0.7045534570446735 0.06968134330985916 0.7050414536082474 0.0700477147887324 0.722462029209622 0.06848027112676057 0.7227557474226805 0.0709294014084507 0.7515402388316151 0.09404919718309859 0.7491904845360825 0.09064752992957746 0.7028048333333333
0 0.03487819366197183 0.7679885189003436 0.046438091549295776 0.7666178298969072 0.04751570950704225 0.7619183213058419 0.05035670246478873 0.7603518178694159 0.048397397887323945 0.719231116838488 0.035074125 0.7202101804123712 0.03487819366197183 0.7679885189003436
0 0.26548836267605636 0.6285697611683849 0.26793749295774644 0.6921110343642612 0.3197611038732394 0.6896633745704467 0.31711604225352114 0.6272969776632302 0.26548836267605636 0.6285697611683849
0 0.3197611038732394 0.6896633745704467 0.35595925880281687 0.6878031529209623 0.3524325088028169 0.6275906958762887 0.33617027992957743 0.6288634810996563 0.31711604225352114 0.6272969776632302 0.3197611038732394 0.6896633745704467
0 0.35453876232394366 0.6474167491408934 0.3552245193661972 0.6473188419243987 0.3558612922535211 0.6590186615120275 0.3567429806338028 0.6715506838487972 0.3891694735915493 0.6692988367697594 0.3899531954225352 0.6677323333333334 0.3887776126760563 0.6459971065292097 0.38965929929577464 0.6459971065292097 0.38867964788732395 0.6271990704467354 0.3709479401408451 0.62788441580756 0.37045811267605633 0.6206393402061855 0.35409791901408455 0.6207372457044673 0.35355910915492955 0.629646731958763 0.35453876232394366 0.6474167491408934
0 0.4613698521126761 0.6664595498281787 0.46146781866197184 0.6849638659793815 0.4663660792253521 0.6848659587628866 0.4666599753521127 0.6865303676975945 0.497029198943662 0.6837889879725086 0.4947759982394366 0.6322902061855671 0.4946780334507042 0.6209330601374571 0.45901868661971834 0.6215204982817869 0.4613698521126761 0.6664595498281787
0 0.49830274647887324 0.680362262886598 0.5317088926056338 0.6789915738831614 0.5310231355633803 0.6622495738831615 0.531512963028169 0.6610746958762886 0.5306312746478874 0.631213235395189 0.5305333098591549 0.6176042405498282 0.4964414084507042 0.6213246855670104 0.49830274647887324 0.680362262886598
0 0.5306601584507042 0.6321914467353952 0.5314149964788732 0.6318985790378007 0.5324926144366197 0.6613194621993127 0.5322477024647887 0.6623964329896908 0.5328844753521127 0.6780125085910652 0.5652130035211267 0.6759564742268042 0.5658987605633803 0.6180937731958762 0.5600208468309859 0.6160377371134022 0.5599228802816901 0.6130026391752578 0.5482650176056338 0.6150586735395189 0.5478731566901409 0.6161356443298969 0.5305333098591549 0.6176042405498282 0.5306601584507042 0.6321914467353952
0 0.5670743433098592 0.6404653917525773 0.5681519612676056 0.6421787542955327 0.5688867007042254 0.6772782113402063 0.6011172623239436 0.6749284570446735 0.5983252535211268 0.6274927903780069 0.5945046091549295 0.6248493161512028 0.5667314647887325 0.6250451288659794 0.5670743433098592 0.6404653917525773
0 0.6027826725352112 0.669837321305842 0.6127261443661972 0.6693477903780068 0.612922073943662 0.6739983453608248 0.6482875246478873 0.6717954501718213 0.6478466813380283 0.6489342989690722 0.6471119419014084 0.6160866907216495 0.6425565580985916 0.6159398316151203 0.6431933327464789 0.634444147766323 0.6333968080985916 0.635765883161512 0.6335927394366198 0.6459481529209622 0.6017050545774647 0.6483468608247422 0.6027826725352112 0.669837321305842
0 0.6030275845070423 0.6447732749140893 0.6265392429577464 0.6446753694158076 0.6280087200704225 0.6420318951890034 0.6275188943661971 0.6187301649484536 0.6263433116197182 0.6177510996563573 0.6261473820422535 0.616380410652921 0.6019499683098591 0.6181427268041237 0.6030275845070423 0.6447732749140893
0 0.7215655211267605 0.6472209364261169 0.7391012992957746 0.6431088659793814 0.738807403169014 0.6415423625429554 0.796019102112676 0.6274438367697595 0.7863695264084507 0.5900435807560138 0.7291578274647887 0.6022818848797251 0.728570036971831 0.597974001718213 0.7116710334507043 0.6023797903780068 0.7215655211267605 0.6472209364261169
0 0.7652090352112676 0.7526661632302406 0.7631027816901409 0.7514423333333333 0.7614373732394366 0.754281618556701 0.7573718151408451 0.7532046477663231 0.7554614929577464 0.7552117302405499 0.7407177253521127 0.748064560137457 0.7069687007042254 0.8165501099656357 0.722790088028169 0.825312735395189 0.7021684049295774 0.8675593608247423 0.7026582306338028 0.8686363316151202 0.8066973133802817 0.9189602371134021 0.8551901056338028 0.8203684604810997 0.8642029066901409 0.8001018298969073 0.8314825176056337 0.7843388934707903 0.8338336830985915 0.7768980051546391 0.8138487746478873 0.7669115481099656 0.8247229154929577 0.7434140051546392 0.8205104102112676 0.7416516890034364 0.8208043063380281 0.7403789054982818 0.7781404454225351 0.7201612285223368 0.7652090352112676 0.7526661632302406
0 0.8205104102112676 0.7416516890034364 0.8247229154929577 0.7434140051546392 0.8138487746478873 0.7669115481099656 0.8338336830985915 0.7768980051546391 0.8405932852112675 0.780226823024055 0.8559738274647887 0.748896764604811 0.8249188468309859 0.7326442972508591 0.8208043063380281 0.7403789054982818 0.8205104102112676 0.7416516890034364
0 0.6030275845070423 0.9267927508591065 0.6056726461267605 0.9663469501718213 0.664745684859155 0.9666406683848797 0.6637660316901409 0.9384436168384879 0.6601413186619718 0.9376603659793815 0.6590637007042254 0.9222890549828179 0.6044970633802816 0.9262053127147767 0.6030275845070423 0.9267927508591065
0 0.6017540369718309 0.9203309278350515 0.5793199982394367 0.9215058041237113 0.5792220334507042 0.9236597457044674 0.5629598028169014 0.9250304364261168 0.5646252130281689 0.9666406683848797 0.6056726461267605 0.9663469501718213 0.6030275845070423 0.9267927508591065 0.6017540369718309 0.9203309278350515
0 0.5436606514084507 0.9257157800687285 0.5427789647887324 0.9215058041237113 0.5228920211267606 0.923268120274914 0.5250472570422535 0.9667385756013746 0.5646252130281689 0.9666406683848797 0.5629598028169014 0.9250304364261168 0.5436606514084507 0.9257157800687285
0 0.48468557922535205 0.9264990326460482 0.48654691901408453 0.9669343883161512 0.5250472570422535 0.9667385756013746 0.5228920211267606 0.923268120274914 0.48468557922535205 0.9264990326460482
0 0.4421686672535211 0.9299257577319586 0.4440300052816902 0.9667385756013746 0.48654691901408453 0.9669343883161512 0.48468557922535205 0.9264990326460482 0.4421686672535211 0.9299257577319586
0 0.4015130933098592 0.9320796993127147 0.4036683292253521 0.9668364828178695 0.4440300052816902 0.9667385756013746 0.4421686672535211 0.9299257577319586 0.4015130933098592 0.9320796993127147
0 0.38240987147887323 0.9345273591065292 0.3832915598591549 0.944415908934708 0.371339801056338 0.9451991597938144 0.37114386971830987 0.9370729261168385 0.36389444190140846 0.9367792079037801 0.3643842676056338 0.9667385756013746 0.4036683292253521 0.9668364828178695 0.4015130933098592 0.9320796993127147 0.38240987147887323 0.9345273591065292
0 0.344399360915493 0.9534233006872853 0.34390953345070424 0.9511714536082474 0.32725544366197185 0.9526400498281787 0.32803916549295775 0.9581228092783505 0.32412055633802817 0.9589060618556702 0.32412055633802817 0.9666406683848797 0.3643842676056338 0.9667385756013746 0.3641425422535211 0.951953852233677 0.344399360915493 0.9534233006872853
0 0.15444476584507041 0.9404017457044673 0.15532645246478874 0.9661511374570447 0.20146807922535212 0.9665427628865979 0.2012721496478873 0.9617453470790377 0.19059393838028169 0.9629202250859107 0.18834073767605633 0.9368771134020618 0.15444476584507041 0.9404017457044673
0 0.1187854190140845 0.9496049501718212 0.1196671073943662 0.9660532302405498 0.15287732218309857 0.9666406683848797 0.15130987852112676 0.9496049501718212 0.1187854190140845 0.9496049501718212
0 0.0995842323943662 0.9403038384879725 0.0993883028169014 0.9440242835051547 0.08479148239436621 0.9449054415807561 0.08528130809859155 0.9664448556701031 0.11790373239436619 0.9664448556701031 0.11712001056338027 0.9402059329896907 0.0995842323943662 0.9403038384879725
0 0.04727079753521127 0.9454928797250858 0.04903417077464789 0.9657595120274914 0.08341997007042254 0.9666406683848797 0.0819504911971831 0.9449054415807561 0.04727079753521127 0.9454928797250858
0 0.04521352640845071 0.9148481666666667 0.04560538732394367 0.91465235395189 0.046095214788732394 0.9190581426116838 0.059614417253521124 0.9182748917525773 0.05951645070422535 0.9167083883161512 0.07959932570422536 0.9159251374570447 0.0800891514084507 0.9154356048109965 0.0793054295774648 0.8952424037800687 0.08048101232394365 0.8948507783505154 0.07861967253521127 0.8559819243986254 0.07724815845070422 0.8544154226804124 0.04256846478873239 0.8564714570446735 0.04256846478873239 0.8575729037800688 0.04521352640845071 0.9148481666666667
0 0.08048101232394365 0.8948507783505154 0.09351038908450704 0.8944591529209622 0.09370631866197184 0.9010188831615121 0.0957635897887324 0.9012146958762886 0.0957635897887324 0.904837233676976 0.09644934507042253 0.9057183917525773 0.0968412059859155 0.9152153161512027 0.10252319014084507 0.9149215962199313 0.10252319014084507 0.916194379725086 0.1131034366197183 0.9157048487972508 0.11574849647887325 0.9141383453608247 0.11467088028169015 0.893480087628866 0.11565053169014085 0.8933821821305843 0.11437698415492958 0.8710595154639176 0.1131034366197183 0.8701783573883162 0.11153599295774648 0.8549049536082475 0.07861967253521127 0.8559819243986254 0.08048101232394365 0.8948507783505154
0 0.11437698415492958 0.8710595154639176 0.11565053169014085 0.8933821821305843 0.12936566549295775 0.8927947439862542 0.12936566549295775 0.8995502869415808 0.14650958098591552 0.8983754089347078 0.14650958098591552 0.8915219587628865 0.15013429577464787 0.8912282405498282 0.14886074823943662 0.852946824742268 0.11427901936619718 0.8544154226804124 0.11437698415492958 0.8710595154639176
0 0.15013429577464787 0.8912282405498282 0.15130987852112676 0.9138446254295532 0.17011920422535212 0.9117885910652922 0.16982530809859156 0.8955361237113403 0.18628346830985915 0.8947528711340206 0.18354044190140847 0.850303352233677 0.14886074823943662 0.852946824742268 0.15013429577464787 0.8912282405498282
0 0.20950122887323944 0.7864683591065292 0.18716515492957747 0.7877411426116838 0.16189012323943663 0.7899929896907216 0.15757965316901407 0.7884264879725086 0.14121945950704226 0.7888181134020619 0.14415841549295774 0.8488347560137458 0.14494213732394368 0.8494221941580756 0.17237240492957748 0.8482473161512027 0.21420355985915493 0.8465829072164949 0.21420355985915493 0.8474640652920962 0.23075968485915496 0.8455059364261168 0.22860445070422536 0.8156444759450172 0.2264492147887324 0.8123156563573883 0.2218448485915493 0.8127072817869415 0.22145298767605634 0.8076161477663231 0.22576345774647888 0.8030145446735395 0.22468584154929577 0.7866641718213059 0.20950122887323944 0.7864683591065292
0 0.13749677992957746 0.7874474226804123 0.10683366021126761 0.7898950841924398 0.1067356954225352 0.8057559261168384 0.09497986795774649 0.8079098676975945 0.08910195246478873 0.8083993986254295 0.08831823063380281 0.7918532130584193 0.07137024471830987 0.7938113402061856 0.07528885387323944 0.8528978728522337 0.07886458626760563 0.8533384518900344 0.07955034154929577 0.8544643745704468 0.14298283274647886 0.8511355567010309 0.14415841549295774 0.8488347560137458 0.14121945950704226 0.7888181134020619 0.13749677992957746 0.7874474226804123
0 0.057165285211267604 0.806294410652921 0.05559784154929578 0.7925875103092783 0.03718037676056338 0.7947414518900344 0.04002136971830986 0.8501564914089348 0.04678097007042254 0.849471147766323 0.04766265845070422 0.8538769364261168 0.07313361971830985 0.8523104329896907 0.06970483626760562 0.8059027852233677 0.057165285211267604 0.806294410652921
0 0.26720275352112677 0.6959538625429553 0.26906409330985914 0.7358017800687284 0.28434667077464787 0.7351164347079038 0.28464056514084507 0.7579286340206185 0.3246103820422535 0.7552851597938144 0.32167142429577467 0.6917438865979382 0.2825832957746479 0.693408295532646 0.2816036426056338 0.6952685171821306 0.26720275352112677 0.6959538625429553
0 0.3245071285211268 0.7530527903780069 0.35951049823943665 0.7510751838487972 0.3559102746478873 0.6886843092783506 0.32167142429577467 0.6917438865979382 0.3245071285211268 0.7530527903780069
0 0.35951049823943665 0.7510751838487972 0.36029422007042256 0.7546977216494846 0.3947779823943662 0.7537186563573883 0.39399426056338027 0.7430468556701031 0.39252478345070424 0.7427531374570447 0.39085937323943665 0.688023441580756 0.360392184859155 0.6896878505154639 0.3559102746478873 0.6886843092783506 0.35951049823943665 0.7510751838487972
0 0.39203636267605635 0.7267023934707904 0.3937983309859155 0.7266964828178694 0.39428815669014083 0.7412845395189003 0.411432073943662 0.7409908213058419 0.4121178292253521 0.744123826460481 0.42857598943661973 0.7428510429553264 0.4245594154929577 0.6865548453608248 0.39085937323943665 0.688023441580756 0.39203636267605635 0.7267023934707904
0 0.4245594154929577 0.6865548453608248 0.4274123644366197 0.7265417044673539 0.4292617464788732 0.7265006683848798 0.43033936443661974 0.7470610206185567 0.46296178873239435 0.745788235395189 0.46146781866197184 0.6849638659793815 0.4245594154929577 0.6865548453608248
0 0.46211161091549297 0.7111747920962199 0.46247091901408455 0.7258033333333332 0.4641373714788732 0.7261090429553264 0.46452923239436616 0.7465714879725086 0.49911095950704226 0.7460819553264605 0.497029198943662 0.6837889879725086 0.4666599753521127 0.6865303676975945 0.4663660792253521 0.6848659587628866 0.463138926056338 0.6849304639175258 0.46354957922535206 0.6994784948453607 0.4618196742957747 0.6992890704467354 0.46211161091549297 0.7111747920962199
0 0.5004824735915493 0.7447112663230241 0.5334967588028169 0.7427531374570447 0.5325660880281691 0.6996253539518901 0.5316354190140845 0.680729412371134 0.4986211338028169 0.6823938213058419 0.5004824735915493 0.7447112663230241
0 0.5355540281690141 0.7407460549828179 0.5671478169014084 0.7395222250859106 0.5668539207746479 0.7332562130584193 0.5680295052816902 0.7329624931271478 0.5664620598591549 0.6789181443298969 0.5332028626760563 0.6805335996563574 0.5355540281690141 0.7407460549828179
0 0.5700867746478873 0.7403054759450172 0.6044725721830986 0.7374661890034364 0.6016315809859155 0.6781348917525774 0.5685193309859154 0.6801909278350515 0.5700867746478873 0.7403054759450172
0 0.6044725721830986 0.7374661890034364 0.6044725721830986 0.7439280137457044 0.6331763873239437 0.7432426683848797 0.6332743521126761 0.7416761666666667 0.6356255176056338 0.7410887268041237 0.6359194137323944 0.7388368797250859 0.6548267042253522 0.7375640962199312 0.6561002517605634 0.7340394639175257 0.6589412447183098 0.7331583058419243 0.653847051056338 0.67509979209622 0.6511040246478873 0.6747081666666667 0.6016315809859155 0.6781348917525774 0.6044725721830986 0.7374661890034364
0 0.27011722007042255 0.8464360481099656 0.31136058450704224 0.8437925738831615 0.30851959154929576 0.7813282714776631 0.267668088028169 0.7839717439862542 0.27011722007042255 0.8464360481099656
0 0.31136058450704224 0.8437925738831615 0.35191819190140844 0.8407574742268041 0.3498609225352113 0.8021823402061855 0.34799958274647885 0.7848529020618557 0.33281497007042254 0.7849508092783505 0.33281497007042254 0.7965037680412371 0.30926857218309856 0.7977959312714776 0.31136058450704224 0.8437925738831615
0 0.35191819190140844 0.8407574742268041 0.35279987852112676 0.8418344450171822 0.39678627112676057 0.8405616615120275 0.3961005140845071 0.7978744570446735 0.3958066179577465 0.7937623883161512 0.3666129771126761 0.7951330773195876 0.36690687323943666 0.8006158384879725 0.3498609225352113 0.8021823402061855 0.35191819190140844 0.8407574742268041
0 0.3958066179577465 0.7937623883161512 0.3961005140845071 0.7978744570446735 0.39678627112676057 0.8405616615120275 0.4343069559859155 0.838114001718213 0.4304863116197183 0.7737894759450172 0.39090835563380283 0.777118293814433 0.3914413485915493 0.7939673436426117 0.3958066179577465 0.7937623883161512
0 0.4343069559859155 0.838114001718213 0.47535439084507036 0.8356663402061855 0.4718276426056338 0.771733439862543 0.4304863116197183 0.7737894759450172 0.4343069559859155 0.838114001718213
0 0.47535439084507036 0.8356663402061855 0.5157160686619718 0.8321906615120275 0.5133159190140846 0.7691389209621993 0.4718276426056338 0.771733439862543 0.47535439084507036 0.8356663402061855
0 0.5157160686619718 0.8321906615120275 0.5566165545774648 0.8302814862542955 0.5545592852112675 0.7726145979381444 0.5135011267605634 0.7740043195876288 0.5141710070422535 0.7916020085910653 0.5157160686619718 0.8321906615120275
0 0.5587717887323944 0.8282254518900344 0.6571288873239437 0.8239175687285223 0.6560512693661972 0.7726145979381444 0.6541899295774648 0.7705585635738832 0.6406707271126761 0.7711460017182131 0.6354785704225352 0.7693836855670103 0.5581839982394367 0.7737894759450172 0.5587717887323944 0.8282254518900344
0 0.5968802658450704 0.8534853109965636 0.5978599190140845 0.8728707835051547 0.6001131197183099 0.8725770652920962 0.6010927711267606 0.8936269484536081 0.641454448943662 0.8922562577319587 0.653602139084507 0.8922562577319587 0.6532102781690141 0.8839342113402061 0.6615373221830986 0.8833467731958764 0.6600678450704226 0.8435967611683849 0.6590881919014084 0.8346872766323025 0.6555614436619719 0.8277359192439863 0.5970761971830986 0.8319458951890035 0.5968802658450704 0.8534853109965636
0 0.5594575457746479 0.832729147766323 0.5605351637323944 0.8711084690721649 0.5620046426056338 0.8936269484536081 0.6010382112676056 0.8924546065292097 0.6001131197183099 0.8725770652920962 0.5978599190140845 0.8728707835051547 0.5968802658450704 0.8534853109965636 0.5970761971830986 0.8319458951890035 0.5594575457746479 0.832729147766323
0 0.5537755616197183 0.8325333350515464 0.5195856954225353 0.8337082113402062 0.5198795897887324 0.8481004570446735 0.5188019735915493 0.8518209020618557 0.5203694172535211 0.8629822353951889 0.53633775 0.8622968900343643 0.5364357147887324 0.8609261993127149 0.5586738239436619 0.8604366666666666 0.5575962059859155 0.8337082113402062 0.5537755616197183 0.8325333350515464
0 0.5157160686619718 0.8321906615120275 0.47913177112676053 0.835341056701031 0.4822609401408451 0.8784514501718212 0.48284873063380285 0.8971515790378006 0.5029316038732394 0.8962704209621992 0.5030295704225353 0.9004803986254296 0.5214470352112676 0.89969714604811 0.5203694172535211 0.8629822353951889 0.5188019735915493 0.8518209020618557 0.5198795897887324 0.8481004570446735 0.5195856954225353 0.8337082113402062 0.5157160686619718 0.8321906615120275
0 0.43974402640845073 0.8395825979381443 0.4414094366197183 0.880801204467354 0.4461117676056338 0.8804095790378007 0.4475812464788732 0.9047882817869416 0.4656068485915493 0.9039071237113402 0.4651170228873239 0.8935290412371134 0.48269443133802814 0.892242647766323 0.4822609401408451 0.8784514501718212 0.47926075704225346 0.8371180687285223 0.43974402640845073 0.8395825979381443
0 0.3992843838028169 0.8420302577319587 0.40202741021126764 0.9063547835051545 0.44189926232394366 0.9060610652920962 0.44189926232394366 0.9015573694158074 0.4414094366197183 0.880801204467354 0.43974402640845073 0.8395825979381443 0.3992843838028169 0.8420302577319587
0 0.36009828873239436 0.8434988556701031 0.361763698943662 0.9095856958762887 0.37959337147887323 0.9085087250859106 0.37969133626760565 0.9078233797250859 0.4005579313380282 0.9074317542955326 0.40202741021126764 0.9063547835051545 0.3992843838028169 0.8420302577319587 0.36009828873239436 0.8434988556701031
0 0.3194427165492958 0.8453590773195876 0.3176793415492958 0.8457507027491409 0.3185610281690141 0.8771786666666667 0.32003050704225355 0.8989138951890033 0.321108125 0.8988159879725086 0.3216959172535211 0.9114459175257733 0.361763698943662 0.9095856958762887 0.36009828873239436 0.8434988556701031 0.3194427165492958 0.8453590773195876
0 0.2633086355633803 0.849471147766323 0.2659536971830986 0.9036134037800687 0.3184630633802817 0.8999908659793814 0.32003050704225355 0.8989138951890033 0.3185610281690141 0.8771786666666667 0.3176793415492958 0.8457507027491409 0.2633086355633803 0.849471147766323