0 0.5892681161971831 0.08501773024054983 0.5935785862676057 0.1002911323024055 0.6044527271126761 0.09588534364261168 0.5999463257042253 0.08217844329896908 0.5892681161971831 0.08501773024054983
0 0.6143961989436619 0.14518123195876287 0.6371731161971831 0.13847464089347078 0.6380058204225353 0.1406775360824742 0.6449613521126761 0.13808301546391755 0.6354097429577464 0.1090048058419244 0.632960610915493 0.10920061855670103 0.6059222059859155 0.11850172852233677 0.6143961989436619 0.14518123195876287
0 0.6358016038732395 0.21190446563573884 0.6396712306338028 0.21107225945017183 0.6406998644366197 0.2115128384879725 0.6537292411971831 0.2080371615120275 0.6549538063380281 0.2087225051546392 0.6642115211267606 0.20651961168384877 0.6643584700704226 0.2050999673539519 0.6450103362676057 0.13964951890034363 0.6170412605633803 0.1470414536082474 0.6358016038732395 0.21190446563573884
0 0.6450103362676057 0.13964951890034363 0.6580786338028168 0.18385667525773197 0.6595336813380283 0.18375636597938144 0.6610031602112676 0.18904331271477662 0.670260875 0.18527391580756014 0.6721711971830986 0.1912951615120275 0.6729059366197183 0.19168678694158076 0.6741794841549296 0.19746326632302405 0.6902457834507042 0.19286166323024054 0.692352036971831 0.19907872164948454 0.7096428996478873 0.19516246563573883 0.7084673169014085 0.186693558419244 0.7025404207746478 0.16515414432989692 0.6916417887323943 0.12797417697594501 0.6560314242957747 0.13754453092783506 0.6450103362676057 0.13964951890034363
0 0.7408448292253521 0.05579265979381443 0.7586745017605634 0.05128896391752577 0.7543640316901409 0.03503649656357388 0.7495637341549296 0.03484068384879725 0.7403550017605633 0.037190438144329895 0.7363384278169014 0.04012763058419244 0.7408448292253521 0.05579265979381443
0 0.7497596654929578 0.059219384879725084 0.7526986214788732 0.07155559450171821 0.7405509330985915 0.07635301030927835 0.7467227429577464 0.09661964089347079 0.7595561883802817 0.09240966494845361 0.7652381725352113 0.10631237800687285 0.7923745422535211 0.09681545532646048 0.7796390616197183 0.056967536082474235 0.7669035809859155 0.061079606529209615 0.764356485915493 0.05549893986254295 0.7497596654929578 0.059219384879725084
0 0.8869109964788733 0.13206176975945016 0.8751551672535212 0.1388173144329897 0.8714324894366198 0.1468456408934708 0.8544845035211267 0.15497187457044673 0.8567377042253521 0.16339182817869416 0.8584031126760563 0.16515414432989692 0.8510557200704225 0.16858086941580755 0.8533089207746478 0.1745531615120275 0.874077551056338 0.16887458762886598 0.8837761091549295 0.1736720034364261 0.887106926056338 0.18796634192439862 0.9060142183098592 0.18502914948453608 0.9314851795774648 0.17690291580756015 0.929134014084507 0.16848296219931272 0.9257052306338028 0.16926621305841924 0.9156148116197182 0.13490105670103095 0.9117941672535211 0.1360759329896907 0.9104226531690139 0.12824341924398625 0.8869109964788733 0.13206176975945016
0 0.9257052306338028 0.16926621305841924 0.929134014084507 0.16848296219931272 0.9314851795774648 0.17690291580756015 0.9344731197183097 0.18028068728522337 0.9368242852112675 0.1978059381443299 0.9562703838028168 0.1946729329896907 0.9740020915492958 0.19232317869415808 0.9627850721830987 0.12192845360824743 0.9153209154929578 0.12804760652920963 0.9156148116197182 0.13490105670103095 0.9257052306338028 0.16926621305841924
0 0.9684528204225351 0.15749758075601372 0.9724836302816903 0.15697895704467352 0.9727775264084507 0.15805592783505154 0.9813984665492959 0.15727267525773195 0.9815943978873239 0.15834964604810997 0.9942319137323945 0.15599989175257734 0.9958973221830986 0.15443339003436427 0.999130176056338 0.15394385738831615 0.9938400528169015 0.1186975412371134 0.9627850721830987 0.12192845360824743 0.9684528204225351 0.15749758075601372
0 1 0.2176992525773196 0.9745898838028169 0.22247835910652922 0.9746878485915493 0.2238490498281787 0.967046559859155 0.2255134587628866 0.9699855176056338 0.23970989175257731 0.9802718679577466 0.26663415979381444 0.9829169278169014 0.2663404398625429 0.9890887376760564 0.2867049776632303 1 0.28481762371134023 1 0.2176992525773196
0 1 0.8597973075601375 0.9953707588028169 0.8601674243986254 0.9962524471830986 0.8773989570446735 1 0.8770704209621993 1 0.8597973075601375
0 1 0.8115188161512027 0.9757287288732395 0.8145430274914088 0.9774921038732394 0.8464605240549827 1 0.8464605240549827 1 0.8115188161512027
0 1 0.7745368728522337 0.9723489278169013 0.7758210343642612 0.973475528169014 0.8113610687285223 0.9752878855633803 0.8114100223367697 0.9757287288732395 0.8145430274914088 1 0.8115188161512027 1 0.7745368728522337
0 1 0.7404160481099656 0.9855252535211266 0.7408194845360825 0.9856232183098591 0.745910618556701 0.9729857024647888 0.7468896838487973 0.9746257095070422 0.7757152955326461 1 0.7745368728522337 1 0.7404160481099656
0 1 0.70506435395189 0.9691160757042254 0.7057934587628866 0.9702916584507043 0.7140175996563574 0.9800881830985915 0.714213412371134 0.9804800440140844 0.7202836099656358 0.9851823749999999 0.7220459261168385 0.9855252535211266 0.7408194845360825 1 0.7404160481099656 1 0.70506435395189
0 1 0.6699349432989691 0.9781778609154929 0.6712569656357389 0.9781411232394366 0.670804147766323 0.9678057904929578 0.6715506838487972 0.9691160757042254 0.7057934587628866 1 0.70506435395189 1 0.6699349432989691
0 1 0.6344151048109966 0.968442565140845 0.6359127422680413 0.9663852940140845 0.6369897130584192 0.9678057904929578 0.6715506838487972 0.9781411232394366 0.670804147766323 0.9781778609154929 0.6712569656357389 1 0.6699349432989691 1 0.6344151048109966
0 0.8962176936619718 0.6115829948453608 0.891417397887324 0.6129536855670102 0.8915153626760564 0.6173594742268042 0.8739795845070423 0.6208841065292097 0.8782900563380281 0.6643545618556701 0.9105206179577464 0.6625922457044674 0.908365383802817 0.6162825034364261 0.9090511408450704 0.6162825034364261 0.9085613133802817 0.6077646443298969 0.8968054859154929 0.6081562697594503 0.8962176936619718 0.6115829948453608
0 0.8786819172535211 0.669837321305842 0.8791717429577465 0.688145824742268 0.8803473257042254 0.7035171340206186 0.9409878063380283 0.6971532164948454 0.9419674595070422 0.6964678711340205 0.9395183292253521 0.6637671237113402 0.9162026021126761 0.6648440927835051 0.8805432552816902 0.669249883161512 0.8786819172535211 0.669837321305842
0 0.8818168045774648 0.7377843848797251 0.9423593204225352 0.7337702216494845 0.9424572852112676 0.7148742800687286 0.9344241355633803 0.7157554381443298 0.9342282059859155 0.7092446597938145 0.9333955017605633 0.7089019879725086 0.9322980915492957 0.6980651580756014 0.8803473257042254 0.7035171340206186 0.8818168045774648 0.7377843848797251
0 0.8832862834507043 0.7587118848797251 0.8837761091549295 0.7597399020618557 0.8840210211267606 0.7710480945017183 0.9088552095070421 0.7693347319587629 0.9217866214788732 0.7685514810996563 0.9219825510563381 0.7701179845360825 0.9454942077464789 0.7693347319587629 0.9437308345070423 0.7349695756013745 0.9423593204225352 0.7337702216494845 0.8825646197183098 0.7377348024054983 0.8832862834507043 0.7587118848797251
0 0.8939341584507042 0.7703641666666666 0.8840210211267606 0.7710480945017183 0.8846577957746479 0.7924406512027492 0.8858333785211268 0.806539176975945 0.9252154049295774 0.8052663934707903 0.9427511813380282 0.8043852353951889 0.9418694947183097 0.7850976683848797 0.934326170774648 0.785489293814433 0.934326170774648 0.7882306735395189 0.9218845862676056 0.7893076443298969 0.9217866214788732 0.7878390481099656 0.9326607623239437 0.7869578900343643 0.9317790757042252 0.7710970481099656 0.8945522852112676 0.7725656443298968 0.8939341584507042 0.7703641666666666
0 0.8873028573943662 0.843254087628866 0.8883804753521126 0.843254087628866 0.8889682658450704 0.8595555085910652 0.9067979401408451 0.8594576030927835 0.9067979401408451 0.8611709656357388 0.9255092992957747 0.8601429484536083 0.9276645352112676 0.8596044621993127 0.9275665704225352 0.8543175154639174 0.940938823943662 0.8534363573883161 0.9402040845070423 0.8393378316151203 0.9478943556338029 0.8393867852233676 0.946326911971831 0.8046300017182131 0.9427511813380282 0.8043852353951889 0.9252154049295774 0.8052663934707903 0.8858333785211268 0.806539176975945 0.8873028573943662 0.843254087628866
0 0.890462235915493 0.8787941237113402 0.9353792975352112 0.8761016958762886 0.9352813327464788 0.8750247250859107 0.953894727112676 0.8739477542955326 0.9529150739436619 0.8534853109965636 0.940938823943662 0.8534363573883161 0.9275665704225352 0.8543175154639174 0.9276645352112676 0.8596044621993127 0.9255092992957747 0.8601429484536083 0.9067979401408451 0.8611709656357388 0.9067979401408451 0.8594576030927835 0.8889682658450704 0.8595555085910652 0.890462235915493 0.8787941237113402
0 0.8926664542253521 0.912131262886598 0.8948951637323944 0.9119354501718213 0.8948951637323944 0.9127921305841924 0.9134350845070424 0.9118620206185568 0.9405714542253522 0.9097080790378007 0.9398367147887324 0.887874945017182 0.9407673855633802 0.8879238986254295 0.9410612816901409 0.8923786408934709 0.9574214753521126 0.8915464364261169 0.9574214753521126 0.8889519158075601 0.9569806320422535 0.8877770378006873 0.9567357183098592 0.8862594879725086 0.9560009788732394 0.8852314707903779 0.956049963028169 0.8796018505154639 0.9565397887323944 0.8788185996563573 0.9560989454225353 0.8752450154639175 0.9353792975352112 0.8761016958762886 0.890462235915493 0.8787941237113402 0.8926664542253521 0.912131262886598
0 0.8925195070422535 0.9131837577319587 0.8943318626760564 0.9469125223367697 0.9185782588028168 0.9462271769759449 0.9548253961267605 0.9445627680412372 0.9536498133802817 0.9180301254295533 0.9546294665492958 0.9180301254295533 0.9537477799295775 0.910099704467354 0.9406204383802818 0.9109808625429554 0.9405714542253522 0.9097080790378007 0.9134350845070424 0.9118620206185568 0.8948951637323944 0.9127921305841924 0.8925195070422535 0.9131837577319587
0 0.8958993063380282 0.966689621993127 0.9601645017605633 0.9668854347079037 0.9593807799295774 0.9437795171821306 0.9547729647887324 0.9433793728522336 0.9548253961267605 0.9445627680412372 0.9185782588028168 0.9462271769759449 0.8943318626760564 0.9469125223367697 0.8958993063380282 0.966689621993127
0 0.8286951549295775 0.9377093178694157 0.8299687024647887 0.9587102474226805 0.8314871637323944 0.9587592010309277 0.830997338028169 0.9644377749140893 0.8316830950704226 0.966689621993127 0.8937930545774648 0.9665917147766323 0.8911479929577465 0.9345763127147766 0.8292829454225352 0.9373666460481099 0.8286951549295775 0.9377093178694157
0 0.8911479929577465 0.9345763127147766 0.8935582623239436 0.9325154707903781 0.8925195070422535 0.9131837577319587 0.8948951637323944 0.9127921305841924 0.8948951637323944 0.9119354501718213 0.8926664542253521 0.912131262886598 0.8916677904929577 0.8970272164948454 0.8901683397887323 0.8963928041237113 0.8637177271126761 0.8984488384879726 0.8548028908450704 0.9003090618556701 0.8268827975352112 0.901973470790378 0.8292829454225352 0.9373666460481099 0.8911479929577465 0.9345763127147766
0 0.8504924190140846 0.8297674776632302 0.8245316320422534 0.832019324742268 0.8267848327464788 0.8673635463917526 0.8459860193661972 0.8662865773195876 0.8526476549295775 0.8651116993127147 0.8683220933098592 0.8654054192439863 0.8875232799295775 0.8639368213058419 0.8873028573943662 0.843254087628866 0.8866965211267606 0.8281047886597939 0.8504924190140846 0.8297674776632302
0 0.825217389084507 0.8675104072164949 0.8277369542253521 0.9019225515463917 0.8548028908450704 0.9003090618556701 0.8526476549295775 0.8651116993127147 0.8459860193661972 0.8662865773195876 0.8267848327464788 0.8673635463917526 0.825217389084507 0.8675104072164949
0 0.8504924190140846 0.8297674776632302 0.8866965211267606 0.8281047886597939 0.8858333785211268 0.806539176975945 0.8846577957746479 0.7924406512027492 0.867317948943662 0.7933707611683849 0.8663382975352113 0.794937264604811 0.8522313028169014 0.7950351701030928 0.8250949313380282 0.7956226099656358 0.8204905651408451 0.7956226099656358 0.8237234190140845 0.8301835790378006 0.8245316320422534 0.832019324742268 0.8504924190140846 0.8297674776632302
0 0.8522313028169014 0.7950351701030928 0.8663382975352113 0.794937264604811 0.867317948943662 0.7933707611683849 0.882516616197183 0.7925555034364261 0.8803473257042254 0.7579286340206185 0.8584031126760563 0.7585160721649484 0.8394958221830986 0.7608658264604811 0.839593786971831 0.7641946443298969 0.8275440633802817 0.7649778969072165 0.8283277852112676 0.7765308556701032 0.8376344823943662 0.7765308556701032 0.8375365176056337 0.7831884931271478 0.8367527957746479 0.7841675567010309 0.8377477306338028 0.795348706185567 0.8522313028169014 0.7950351701030928
0 0.8584031126760563 0.7585160721649484 0.8803473257042254 0.7579286340206185 0.8823066302816902 0.7569495687285224 0.8818168045774648 0.7377843848797251 0.8817629225352113 0.7365278951890035 0.8803963080985916 0.7366339845360824 0.8779961602112676 0.6865058917525773 0.8657015228873239 0.6888066924398625 0.8637422183098591 0.6895899450171821 0.8422878309859155 0.6911074931271478 0.8420919014084507 0.6891493659793814 0.8236744366197183 0.6890514587628865 0.814465704225352 0.6875828625429553 0.815102477112676 0.7191087336769759 0.8293074366197183 0.7184723419243987 0.8318545334507043 0.761453264604811 0.8394958221830986 0.7608658264604811 0.8584031126760563 0.7585160721649484
0 0.8420919014084507 0.6891493659793814 0.8422878309859155 0.6911074931271478 0.8637422183098591 0.6895899450171821 0.8657015228873239 0.6888066924398625 0.8779961602112676 0.6865058917525773 0.8756449947183098 0.6676344261168385 0.8745673767605634 0.6543191529209622 0.8624196866197182 0.6548086838487973 0.8624196866197182 0.6529484621993127 0.8469411795774648 0.6534869467353952 0.8357731426056338 0.6539275257731959 0.8326382552816902 0.6564241408934708 0.8272501672535211 0.656571 0.8276910105633802 0.6628370120274915 0.8297482799295776 0.6629349175257732 0.8299687024647887 0.6758585670103093 0.8317075862676057 0.6760543797250859 0.8323930950704226 0.6890978075601375 0.8420919014084507 0.6891493659793814
0 0.840491323943662 0.6537413934707903 0.8469411795774648 0.6534869467353952 0.8624196866197182 0.6529484621993127 0.8624196866197182 0.6548086838487973 0.8745673767605634 0.6543191529209622 0.8727060369718309 0.6230870000000001 0.8692772535211267 0.6227932817869416 0.8583051478873239 0.6250451288659794 0.8389080299295775 0.6332692697594502 0.840491323943662 0.6537413934707903
0 0.6118246109154929 0.5101029793814433 0.6088856549295775 0.5126485463917525 0.6216211355633803 0.5668887096219931 0.6210333433098592 0.5672803350515464 0.6244621267605633 0.5837286151202749 0.6637461866197183 0.5740358780068728 0.6649217693661972 0.5741337852233678 0.716696397887324 0.5613080429553264 0.7133165968309859 0.5516153058419243 0.7120920316901409 0.5516153058419243 0.6867680176056338 0.49571073367697593 0.6723671285211268 0.49835420618556703 0.6720732323943662 0.49737514261168386 0.639156911971831 0.5050118436426118 0.6418019735915493 0.5149003934707904 0.6321034154929578 0.517837585910653 0.6296542852112677 0.5066762542955326 0.6118246109154929 0.5101029793814433
0 0.6648238045774647 0.5775605103092784 0.6725630580985916 0.5757981941580756 0.6859842957746478 0.6326818316151203 0.6983279154929578 0.6297446374570447 0.700972977112676 0.6413955034364262 0.7368282535211267 0.6311153281786942 0.7186067200704225 0.5614059484536083 0.716696397887324 0.5613080429553264 0.6649217693661972 0.5741337852233678 0.6648238045774647 0.5775605103092784
0 0.740648897887324 0.66195585395189 0.7225253292253521 0.6633265446735395 0.724092772887324 0.6693967422680412 0.7262480088028169 0.7092446597938145 0.7259051302816901 0.70978314604811 0.7262969911971832 0.7145805601374571 0.7271786778169014 0.7146295137457045 0.7277174859154929 0.7251544553264605 0.7271296954225351 0.7251544553264605 0.727080713028169 0.7271615378006873 0.727864434859155 0.7271125841924398 0.7285012077464789 0.7442462096219932 0.7772878961267605 0.7413090171821306 0.7771899313380282 0.7253502680412371 0.792766403169014 0.7233921391752578 0.792080647887324 0.7066501391752578 0.7886518644366197 0.7068459518900344 0.784537323943662 0.6572073917525774 0.7611236320422535 0.6598508659793815 0.7602419454225352 0.6562283281786941 0.7409427940140845 0.6585291288659794 0.740648897887324 0.66195585395189
0 0.7318320264084507 0.7790029931271478 0.7717528609154929 0.7765063780068728 0.7701854172535212 0.7437077233676976 0.7290400176056339 0.745665852233677 0.7318320264084507 0.7790029931271478
0 0.7345260704225351 0.8146898865979382 0.7581356919014085 0.8133191975945017 0.760437875 0.8128296649484537 0.7795900792253521 0.8122177491408935 0.7788553397887324 0.802231293814433 0.7890437253521126 0.8014480429553265 0.7891906725352114 0.8029655910652921 0.791541838028169 0.8028187319587629 0.7913459084507042 0.8012522285223368 0.7927174207746478 0.8012032766323024 0.7922765774647887 0.7944966855670103 0.7955094313380282 0.7940561065292095 0.7942848644366197 0.7764329484536083 0.772193704225352 0.7785379364261169 0.770136434859155 0.7790764226804124 0.7660218943661972 0.7784400309278351 0.7508862658450705 0.7790764226804124 0.7500535598591549 0.7796149072164948 0.7325667658450704 0.7812058883161512 0.7345260704225351 0.8146898865979382
0 0.7368772359154929 0.8504502113402062 0.7968319612676056 0.8479046443298969 0.7971258573943663 0.846729766323024 0.7953135 0.8135394862542955 0.7579397623239437 0.8147143642611684 0.7349179313380282 0.816574585910653 0.7368772359154929 0.8504502113402062
0 0.7357506355633803 0.8506949776632302 0.7373425704225353 0.8847419381443299 0.7718263345070423 0.8823187542955326 0.7720222658450704 0.8831999123711339 0.7913214172535211 0.8832978195876289 0.791517346830986 0.8800669072164948 0.7979830528169014 0.870765795532646 0.7968319612676056 0.8479046443298969 0.7368772359154929 0.8504502113402062 0.7357506355633803 0.8506949776632302
0 0.736485375 0.8849622285223367 0.737048676056338 0.8911058573883162 0.7398896672535211 0.9383701872852234 0.7437103116197183 0.9382722800687285 0.7439062411971831 0.956384970790378 0.7796635528169015 0.9549163728522337 0.7902437992957746 0.9540352164948455 0.7972972957746479 0.9534477766323024 0.8047426549295774 0.9337685841924398 0.803665036971831 0.9168307714776632 0.8006281144366197 0.9167328659793815 0.7993545669014084 0.8992076134020619 0.7846597799295775 0.8973473917525773 0.783878985915493 0.8832600635738832 0.7720222658450704 0.8831999123711339 0.7718263345070423 0.8823187542955326 0.7373425704225353 0.8847419381443299 0.736485375 0.8849622285223367
0 0.7439062411971831 0.9670567714776632 0.8002362535211268 0.9663714261168386 0.7972972957746479 0.9534477766323024 0.7796635528169015 0.9549163728522337 0.7439062411971831 0.956384970790378 0.7439062411971831 0.9670567714776632
0 0.7007035721830986 0.9393492508591066 0.7019771214788733 0.9583430979381443 0.6746448204225353 0.9588326305841923 0.6764081936619719 0.9666651460481099 0.7439062411971831 0.9670567714776632 0.7437103116197183 0.9382722800687285 0.7398896672535211 0.9383701872852234 0.7007035721830986 0.9393492508591066
0 0.7019771214788733 0.9583430979381443 0.7007035721830986 0.9393492508591066 0.7398896672535211 0.9383701872852234 0.7378699102112677 0.9047683848797251 0.7135370193661972 0.9060610635738832 0.6778776725352113 0.9081170996563573 0.6781715686619718 0.9435592268041237 0.6788573239436619 0.9436571340206185 0.6791497728873239 0.9587519450171822 0.7019771214788733 0.9583430979381443
0 0.6778776725352113 0.9081170996563573 0.7135370193661972 0.9060610635738832 0.7365089929577465 0.9048406821305841 0.7338403133802817 0.867877556701031 0.700140272887324 0.8695419656357388 0.673640676056338 0.8710350378006873 0.6744978714788733 0.8872875068728523 0.6753305757042253 0.8874098883161513 0.676432684859155 0.9076520446735397 0.6778776725352113 0.9081170996563573
0 0.6958489647887324 0.8697837508591065 0.700140272887324 0.8695419656357388 0.7338403133802817 0.867877556701031 0.7345260704225351 0.8666047731958763 0.7346730176056337 0.850792883161512 0.7335464190140845 0.8496669604810997 0.7333504876760563 0.832484381443299 0.7258071637323944 0.8327780996563574 0.6930377922535211 0.83512785395189 0.693576602112676 0.8391909707903781 0.6883844436619718 0.839435737113402 0.6890702007042253 0.8561287835051546 0.6949970968309859 0.8556882044673539 0.6958489647887324 0.8697837508591065
0 0.6944597552816901 0.8350258917525774 0.7258071637323944 0.8327780996563574 0.7320664841549296 0.8325343762886598 0.731489147887324 0.8136129158075601 0.7251214084507043 0.8136129158075601 0.7246315809859155 0.8050950567010309 0.7239458257042254 0.8048992439862543 0.716696397887324 0.8053887766323024 0.7162065704225352 0.7997102027491408 0.6919111919014085 0.8005913608247422 0.671240528169014 0.8019620515463918 0.6724161109154929 0.8204663659793814 0.6869149647887325 0.8194873024054983 0.6869149647887325 0.823990998281787 0.6876007218309859 0.8317256065292096 0.6941154102112675 0.8319703728522336 0.6944597552816901 0.8350258917525774
0 0.6919111919014085 0.8005913608247422 0.7162065704225352 0.7997102027491408 0.7257336901408451 0.7994164845360825 0.7315136390845071 0.7987311391752577 0.7295053521126761 0.7644149347079038 0.7167698714788733 0.7651981855670104 0.6891436742957746 0.7661282972508591 0.6891926566901408 0.7675479398625429 0.6703833309859155 0.7689675841924398 0.667836235915493 0.7696039759450172 0.6683260616197183 0.7757720807560138 0.6680321654929577 0.7785624140893471 0.6684240264084507 0.7791008986254295 0.6691587658450704 0.7924161735395189 0.6685219929577464 0.792905706185567 0.6687669049295775 0.8022557697594502 0.671240528169014 0.8019620515463918 0.6919111919014085 0.8005913608247422
0 0.7051070933098592 0.7655908453608248 0.7052589559859155 0.7639743556701031 0.7055038697183099 0.7626036649484536 0.7288685774647887 0.7619672731958762 0.7263704647887324 0.7294623384879725 0.7035445651408451 0.729756058419244 0.6758204031690142 0.731322560137457 0.6757224366197183 0.7327911563573882 0.6725875492957746 0.7331827835051546 0.6729794102112676 0.7670584089347079 0.6891436742957746 0.7661282972508591 0.7051070933098592 0.7655908453608248
0 0.7063855563380281 0.6935306786941581 0.7041323556338028 0.6925026597938144 0.6815513679577465 0.6933838178694157 0.6814534031690141 0.6958314793814433 0.6805227341549296 0.6964189175257732 0.6804737517605634 0.7077760635738832 0.6655830352112676 0.7095873333333333 0.6662198098591549 0.723783764604811 0.6751346461267606 0.7303434965635739 0.702173051056338 0.7286301340206186 0.7259786038732394 0.7273573505154639 0.7238233679577465 0.6928942869415807 0.7063855563380281 0.6935306786941581
0 0.601856647887324 0.7351898642611684 0.5781490616197184 0.7362668350515463 0.5781245704225352 0.7395222233676976 0.5785654137323943 0.7399383264604812 0.5789572746478874 0.7506590807560137 0.5792266795774648 0.750928323024055 0.5801818397887324 0.7700935068728522 0.597840073943662 0.769579498281787 0.5979625299295774 0.7716844862542955 0.6061426285211268 0.7715131512027491 0.6063385580985916 0.7690654896907216 0.6192699700704225 0.7684780515463918 0.6192699700704225 0.7700445549828179 0.6405284260563381 0.7689675841924398 0.6414101126760563 0.7675968934707904 0.6401365651408452 0.7323505773195876 0.6170167693661972 0.733819175257732 0.6162330475352112 0.7198185549828179 0.6011708926056337 0.7208955257731958 0.601856647887324 0.7351898642611684
0 0.5794471003521127 0.7726390738831616 0.5798879436619718 0.7892342147766324 0.580475735915493 0.7895279347079038 0.5807696320422535 0.8007871735395189 0.5891456584507042 0.8006403144329897 0.5891946426056338 0.7994654364261168 0.5960522077464789 0.7990738109965636 0.5961991566901409 0.8057804020618557 0.6051629753521127 0.8065146993127148 0.6209843609154929 0.8047523848797251 0.6205925 0.7931504725085912 0.6210823257042254 0.7931015189003436 0.6211313080985916 0.7913392027491409 0.6250989014084507 0.7909965309278351 0.627597014084507 0.7896258402061855 0.6266173626760563 0.7871781804123711 0.6262744841549296 0.7805694948453609 0.6252948309859155 0.7716110567010309 0.6201516566901409 0.7725411683848797 0.6192699700704225 0.7721495429553265 0.6192699700704225 0.7700445549828179 0.6061426285211268 0.7715131512027491 0.5979625299295774 0.7716844862542955 0.5794471003521127 0.7726390738831616
0 0.5814064049295774 0.806416793814433 0.5806716654929578 0.8081301563573883 0.583316727112676 0.843376470790378 0.6185352306338028 0.8407329982817869 0.6226497693661972 0.8408309037800688 0.6481207323943662 0.8385301030927835 0.6465043045774648 0.8036754140893471 0.6209843609154929 0.8047523848797251 0.6051629753521127 0.8065146993127148 0.5961991566901409 0.8057804020618557 0.5814064049295774 0.806416793814433
0 0.556376286971831 0.8067105137457045 0.5547108785211268 0.8081791099656358 0.5547108785211268 0.8119974604810997 0.5417794665492958 0.8133681494845361 0.5412896408450705 0.8105288642611684 0.5326687007042253 0.8107246769759451 0.533648352112676 0.8247252955326461 0.517484088028169 0.825802266323024 0.5179739137323943 0.8465584312714777 0.5246355510563381 0.8460688986254296 0.5422692940140845 0.8450898333333333 0.5717568292253521 0.8439149570446736 0.5811614929577466 0.8432296116838488 0.5785164313380281 0.8076895773195876 0.556376286971831 0.8067105137457045
0 0.5547108785211268 0.8081791099656358 0.556376286971831 0.8067105137457045 0.5785164313380281 0.8076895773195876 0.5794960827464789 0.8065636529209622 0.5773898309859155 0.7733244192439863 0.5622052183098591 0.773520231958763 0.5387915281690141 0.7745482508591065 0.5391344049295774 0.7779260223367698 0.5327176830985916 0.7781218350515464 0.534040213028169 0.7963813848797251 0.5389384753521127 0.7951086013745704 0.5393303362676056 0.7962345240549829 0.5403589718309859 0.7963324312714777 0.5412896408450705 0.8105288642611684 0.5417794665492958 0.8133681494845361 0.5547108785211268 0.8119974604810997 0.5547108785211268 0.8081791099656358
0 0.5622052183098591 0.773520231958763 0.5715593415492958 0.7733996065292096 0.5769489876760563 0.7723453556701031 0.5753325616197184 0.7361199759450172 0.5591193133802816 0.7374417130584192 0.5588254190140846 0.7360710223367697 0.5517719207746479 0.7361689295532646 0.5382527183098592 0.7374417130584192 0.5382527183098592 0.7386655429553265 0.5165044366197183 0.7406236718213058 0.5172881584507043 0.7757231271477664 0.5387915281690141 0.7745482508591065 0.5622052183098591 0.773520231958763
0 0.4852045422535211 0.6478573281786941 0.5099897482394365 0.6427661924398625 0.5055813116197183 0.6212267783505154 0.501074911971831 0.5984145790378007 0.47697546302816896 0.6042889656357388 0.47883680281690144 0.6169188951890034 0.4852045422535211 0.6478573281786941
0 0.5135654788732394 0.6675854742268041 0.5124388785211268 0.6675365206185567 0.512634809859155 0.6715996374570447 0.5488819471830986 0.6708163865979382 0.5485390686619719 0.667095941580756 0.5492738080985916 0.6667532697594502 0.5488819471830986 0.6510392869415808 0.5161615580985915 0.6518714914089347 0.5132226003521128 0.6534379948453608 0.5135654788732394 0.6675854742268041