0 0.5005270897887324 0 0.4975698151408451 0.0719851151202749 0.5002561496478873 0.07152226804123711 0.5035909084507042 0.0719851151202749 0.5058140809859155 0.07050400343642611 0.5176710017605634 0.07031886426116839 0.5225805070422536 0.07096685051546392 0.5369384964788733 0.07133712886597939 0.5389764049295774 0.07041143470790379 0.5525007059859155 0.07207768384879726 0.5683408098591549 0.07142969759450171 0.5747324313380281 0.07226282302405498 0.5833472253521127 0.07254053092783505 0.5827914330985915 0.06874518384879726 0.5867746161971831 0.0649498384879725 0.5874230422535212 0.04763935567010309 0.5860335598591548 0.04541768900343643 0.5876083063380282 0.008019639175257732 0.5879144647887323 0 0.5005270897887324 0
0 0.5048414419014084 0.19200137800687286 0.5198478573943661 0.19172367010309277 0.5147530862676056 0.08619452233676976 0.5277215933098591 0.08591681271477664 0.5278142253521126 0.0928595206185567 0.5546775616197183 0.09295208934707903 0.5552333556338028 0.07323480240549829 0.5035909084507042 0.0719851151202749 0.5002561496478873 0.07152226804123711 0.4983794383802817 0.07184561855670103 0.5048414419014084 0.19200137800687286
0 0.581726161971831 0.18811346219931271 0.6098863485915492 0.1871877680412371 0.6084042341549295 0.1205377800687285 0.5805219436619719 0.12220402920962198 0.581726161971831 0.18811346219931271
0 0.44621609859154926 0 0.4406473327464789 0.12350000171821307 0.43916521830985916 0.12479597422680413 0.42675250352112676 0.12535139003436427 0.4259188133802817 0.1263696529209622 0.42406617077464787 0.16441568900343642 0.44481578169014085 0.16497110481099655 0.45380110387323946 0.15404791237113402 0.4818686584507042 0.15478846735395188 0.4873339577464788 0.15867638487972507 0.49502242957746473 0.15923180068728524 0.4926139929577465 0.1377556941580756 0.4902981883802817 0.13738541580756014 0.49131714260563375 0.11007743470790378 0.4906687165492958 0.11007743470790378 0.49043713556338026 0.10956830240549828 0.4942528802816901 0 0.44621609859154926 0
0 0.29351858450704227 0 0.297437963028169 0.08175118900343642 0.30179167605633805 0.08147348109965635 0.31003594014084507 0.07888153608247422 0.32337497711267604 0.07851125945017183 0.3238381373239437 0.09147097938144329 0.3401414031690141 0.09017500687285224 0.3516277957746479 0.08786077147766323 0.3512572676056338 0.07925181443298969 0.38386379929577463 0.07730785738831615 0.37991374471830985 0 0.29351858450704227 0
0 0.2199875897887324 0 0.22254483450704227 0.037225293814432986 0.22694486443661974 0.03606817697594502 0.2590419190140845 0.035142481099656356 0.258764022887324 0.03338366323024055 0.2570966426056338 0.03347623195876289 0.25681874647887326 0.030236302405498284 0.25922718309859155 0.030328871134020614 0.25796612676056335 0 0.2199875897887324 0
0 0.07744280457746479 0 0.08179021830985915 0.06110820618556701 0.08308706866197182 0.06115449140893471 0.08350391373239437 0.06504240721649485 0.08229969542253521 0.06508869243986254 0.0829018045774648 0.06930060137457045 0.08757973063380281 0.06893032302405498 0.09031238028169014 0.06684751030927835 0.09397135211267606 0.06795834364261168 0.11319253169014085 0.06439442096219931 0.20397208098591552 0.05846997766323024 0.20619525352112675 0.060691644329896904 0.20712157570422535 0.05939567182130584 0.20665841373239438 0.05523004810996563 0.20744578697183097 0.05536890206185568 0.20827947711267608 0.05916424914089347 0.21226266197183097 0.05870140206185567 0.2124942411971831 0.05657230412371134 0.22064587500000002 0.055692895189003444 0.22115535211267606 0.05439692268041237 0.22171114436619718 0.05060157731958763 0.22106272007042255 0.049166750859106524 0.22027534683098593 0.048796472508591066 0.21653135211267605 0 0.07744280457746479 0
0 0.1428811496478873 0.07129084364261168 0.14528958626760563 0.11220653092783506 0.157053875 0.11118826804123712 0.157053875 0.11285451718213059 0.18123087676056338 0.11081798969072165 0.18160140492957746 0.12016750171821307 0.2052226144366197 0.1184086821305842 0.20503735035211268 0.10942944845360825 0.21652374295774646 0.10739292096219931 0.21494899471830986 0.08508368900343642 0.21244792605633803 0.06407042783505154 0.1555717588028169 0.06832862199312714 0.15483070246478872 0.07008744158075601 0.1428811496478873 0.07129084364261168
0 0.22615749119718312 0.07712271821305841 0.22680591549295775 0.0778632731958763 0.22810276584507044 0.0910081323024055 0.22717644542253523 0.09110070103092784 0.2275469735915493 0.0984136855670103 0.24579551584507042 0.09674743642611684 0.25635558450704227 0.09702514432989691 0.2562166373239437 0.0990153883161512 0.2509829172535211 0.09980222852233676 0.2485744806338028 0.09961708934707904 0.24662920422535212 0.09920052577319588 0.22601854225352114 0.10049649828178694 0.22652801936619718 0.11526132302405497 0.22847329577464787 0.11627958591065292 0.22902908802816904 0.13289579896907217 0.25153871126760563 0.1320163883161512 0.25403977992957744 0.13229409621993127 0.27840204753521125 0.13039642439862545 0.27937468485915495 0.12891531271477663 0.2783557306338028 0.11086427491408936 0.28224628345070424 0.10813347594501718 0.2780778345070422 0.036392170103092786 0.27492833978873243 0.03676244673539519 0.27177884507042255 0.03745671821305842 0.2619598327464789 0.03819727319587629 0.22347115669014084 0.039909807560137456 0.22615749119718312 0.07712271821305841
0 0.5596333838028169 0.2091267233676976 0.5571323151408452 0.20894158419243986 0.556298625 0.21903165120274914 0.5583365334507042 0.21903165120274914 0.5586144295774648 0.2248635257731959 0.556761786971831 0.22912171993127148 0.5559280968309859 0.22967713573883158 0.5550944066901409 0.2329170652920962 0.5699155580985915 0.23356505154639173 0.5709345123239437 0.21060783333333333 0.5726945228873239 0.2104226941580756 0.5734355809859155 0.2100524175257732 0.5923325475352113 0.2119038058419244 0.5942778239436619 0.19801839175257732 0.586404088028169 0.19274193298969072 0.5610228679577465 0.19190880927835052 0.5596333838028169 0.2091267233676976
0 0.5266100070422536 0.19232537113402062 0.5198478573943661 0.19172367010309277 0.5048414419014084 0.19200137800687286 0.5045739964788732 0.18702845189003436 0.4954855915492958 0.1881597474226804 0.4749212447183099 0.1944544673539519 0.4586179788732394 0.19565787113402064 0.4182303415492958 0.19797210652920963 0.41369136443661975 0.200378912371134 0.40998607746478877 0.20056404982817871 0.40859659330985915 0.2014897439862543 0.40215865669014084 0.26388153951890037 0.40331655985915493 0.2642055326460481 0.40350182394366196 0.26494608762886596 0.4587106109154929 0.26832487285223366 0.45949798415492954 0.26772317010309277 0.45884955809859157 0.26290956013745703 0.45986851232394366 0.26082674914089343 0.4582937658450704 0.24032262027491408 0.4594053521126761 0.23773067525773195 0.5170225757042253 0.2337501907216495 0.5182731109154929 0.23453703092783504 0.5187362711267606 0.27480473195876287 0.522812088028169 0.27526757903780064 0.5230899841549296 0.2773041065292096 0.5384669278169014 0.2794332027491409 0.552269125 0.27934063402061854 0.5532417623239437 0.2751750103092784 0.5533343943661971 0.2357867182130584 0.5537512394366197 0.23125081615120274 0.5562523098591549 0.22699262199312714 0.556298625 0.21903165120274914 0.5566392235915494 0.2149094175257732 0.5551870387323944 0.21495859621993127 0.5541680845070422 0.19366762886597938 0.5510185897887324 0.19190880927835052 0.5506480616197184 0.18940943470790378 0.5266100070422536 0.19232537113402062
0 0.5162352024647887 0.27559157216494845 0.5125762306338029 0.34881398969072164 0.5488880492957746 0.35196135051546396 0.551666110915493 0.2793446786941581 0.5384669278169014 0.2794332027491409 0.5230899841549296 0.2773041065292096 0.522812088028169 0.27526757903780064 0.5187362711267606 0.27480473195876287 0.5162352024647887 0.27559157216494845
0 0.556622838028169 0.3098885446735395 0.5533807112676057 0.3132210446735395 0.5537512394366197 0.3958855446735395 0.6087284471830986 0.3947747113402062 0.6087284471830986 0.40671616666666666 0.6329980809859155 0.4063458900343643 0.633553875 0.38366637972508594 0.6368886338028169 0.3299761116838488 0.6017810316901409 0.33025381958762884 0.6027073538732395 0.2760081340206185 0.5569007341549296 0.27637841237113403 0.556622838028169 0.3098885446735395
0 0.4527751144366197 0.26796161855670103 0.42775903521126757 0.2664306323024055 0.4048880105633803 0.2650309226804124 0.3939143908450704 0.3043343797250859 0.38789329929577465 0.3024829914089347 0.37927850528169016 0.33229034707903776 0.3852995968309859 0.33478972164948456 0.3755732165492958 0.36811471649484534 0.3756658503521127 0.3991254742268041 0.4264282904929577 0.3994957525773196 0.42624302640845074 0.39366387800687286 0.42781777464788734 0.39088679553264605 0.47172543309859155 0.400884293814433 0.4728370193661972 0.3991254742268041 0.47802442253521127 0.39931061340206186 0.479506536971831 0.397551793814433 0.5083151496478874 0.29493858247422683 0.44967897183098593 0.2781372319587629 0.4527751144366197 0.26796161855670103
0 0.3752953204225352 0.328495 0.3617710211267606 0.3303463883161512 0.33592663908450704 0.33090180584192436 0.33592663908450704 0.33145722164948455 0.33351820246478875 0.33136465292096223 0.2960021637323944 0.33164236082474224 0.2960021637323944 0.3324754862542955 0.28534946126760563 0.3332160412371134 0.2836820827464789 0.3971815154639175 0.3001706126760563 0.3982923487972509 0.3351855809859155 0.39875519587628866 0.33500031690140847 0.3924604759450172 0.3363897992957746 0.39366387800687286 0.3738132059859155 0.3933861701030928 0.3752953204225352 0.328495
0 0.3771479647887324 0.3277544450171821 0.37733322887323945 0.29803965807560134 0.37733322887323945 0.2665660532646048 0.3755732165492958 0.25962334536082476 0.3625120774647887 0.2579570962199313 0.3455603873239437 0.2601787628865979 0.3455603873239437 0.27184251030927836 0.34213299647887324 0.2743418848797251 0.2996148186619718 0.275082439862543 0.3010043028169014 0.3294206941580756 0.32661710387323944 0.3289578470790378 0.3409287764084507 0.3281247233676976 0.34094239436619717 0.3307940137457045 0.3617710211267606 0.3303463883161512 0.3752953204225352 0.328495 0.3771479647887324 0.3277544450171821
0 0.3471351338028169 0.2564759845360825 0.36052048591549296 0.25670740893470795 0.36121522711267606 0.25119952749140895 0.3622341813380282 0.2509681048109966 0.3637162975352113 0.24508994501718212 0.364549985915493 0.24518251546391753 0.3658005211267606 0.23893407903780067 0.36644894718309856 0.23893407903780067 0.3672363204225352 0.23444446048109965 0.36834790669014084 0.23337991237113404 0.3686721197183099 0.23051026116838488 0.36969107394366196 0.2300011288659794 0.37029318309859155 0.2245395326460481 0.3718679295774648 0.2244469621993127 0.37307214788732396 0.21741168556701032 0.3733500440140845 0.20843245189003437 0.37409110211267604 0.20833988144329896 0.3756658503521127 0.18945571821305843 0.37427636619718313 0.18917801030927836 0.37418373415492956 0.18408669243986253 0.31554755633802817 0.18362384536082474 0.3153622922535211 0.18667863573883162 0.3076738204225352 0.1871414828178694 0.30739592429577467 0.19667613402061854 0.30609907218309856 0.19667613402061854 0.30600644014084505 0.25777195704467354 0.3000779806338028 0.2589753591065292 0.30054114084507044 0.2738790378006873 0.3455603873239437 0.27184251030927836 0.3455603873239437 0.2601787628865979 0.3471351338028169 0.2564759845360825
0 0.3625120774647887 0.2579570962199313 0.3755732165492958 0.25962334536082476 0.37733322887323945 0.2665660532646048 0.37733322887323945 0.29803965807560134 0.3772942799295775 0.3042866993127148 0.38502170070422537 0.30627833676975946 0.38692066021126764 0.3009093109965636 0.3881248802816902 0.3011870189003436 0.38789329929577465 0.3024829914089347 0.3939143908450704 0.3043343797250859 0.4031472429577465 0.27126571305841923 0.4017418116197183 0.2674917474226804 0.399333375 0.2663809140893471 0.399333375 0.2647146649484536 0.3982217887323944 0.2644369553264605 0.3984070528169014 0.2631409845360825 0.4025440193661972 0.26014688144329895 0.4072737922535211 0.21430937800687286 0.38914383274647885 0.2147271735395189 0.38793961443661973 0.2170414089347079 0.38293747711267606 0.21731911683848798 0.3833080052816901 0.21120953436426115 0.38849540845070424 0.2109318264604811 0.3887733045774648 0.205007383161512 0.3934975457746479 0.2038965498281787 0.39729546654929576 0.2038965498281787 0.39757336267605636 0.2007491890034364 0.40757763908450706 0.19982349484536083 0.40609552464788734 0.18260558075601374 0.39386807570422533 0.18311471305841923 0.38868067253521127 0.18399412199312715 0.37418373415492956 0.18408669243986253 0.37427636619718313 0.18917801030927836 0.3756658503521127 0.18945571821305843 0.37409110211267604 0.20833988144329896 0.3733500440140845 0.20843245189003437 0.37307214788732396 0.21741168556701032 0.3718679295774648 0.2244469621993127 0.37177529753521127 0.2297234209621993 0.37052476232394366 0.23032512199312713 0.3702468661971831 0.23199137113402063 0.3693205440140845 0.23213022508591066 0.36862580281690144 0.23661984192439864 0.3676994806338028 0.23703640549828178 0.36719000352112674 0.24300713402061855 0.3658005211267606 0.24370140378006871 0.3632068204225352 0.251616089347079 0.3625120774647887 0.2579570962199313
0 0.3027179982394366 0.13844996391752576 0.30475590669014085 0.13919051890034365 0.34430985211267606 0.13613572852233677 0.3443333151408451 0.08933043642611684 0.3401414031690141 0.09017500687285224 0.3238381373239437 0.09147097938144329 0.32337497711267604 0.07851125945017183 0.31003594014084507 0.07888153608247422 0.30179167605633805 0.08147348109965635 0.2997875545774648 0.08160131615120275 0.3027179982394366 0.13844996391752576
0 0.19702466549295775 0.24508994501718212 0.19609834330985915 0.24721904295532646 0.19165199823943663 0.29989104639175257 0.19081830809859154 0.29970590721649487 0.190540411971831 0.3023904209621993 0.19285621654929577 0.3043343797250859 0.2086963221830986 0.3057229209621993 0.20897421830985916 0.3045195189003436 0.24473024471830984 0.3055377817869416 0.24463761267605633 0.3070188934707904 0.25334503873239433 0.30785201718213057 0.25417872887323945 0.3071114621993127 0.254456625 0.3019275738831615 0.26279352288732394 0.3022052817869416 0.263812477112676 0.30109445017182135 0.26640617781690146 0.27128709278350516 0.2650166954225352 0.26943570446735393 0.2564019014084507 0.26906542783505155 0.2519555563380282 0.2629558453608247 0.2463049929577465 0.2624004278350516 0.2463049929577465 0.2561982766323024 0.23518912852112675 0.25499487457044673 0.23518912852112675 0.25268063917525774 0.212586875 0.2516623745704467 0.2124942411971831 0.24647848625429553 0.19702466549295775 0.24508994501718212
0 0.16645604225352112 0.24138716838487975 0.16423286971830986 0.2416648762886598 0.15858230633802817 0.26841744158075603 0.15756335211267608 0.26851001030927835 0.15645176584507042 0.27323105154639177 0.15571070774647885 0.2831359810996564 0.1457990633802817 0.28341368900343644 0.14413168309859153 0.29748424226804127 0.14570643133802816 0.2982247972508591 0.15135699471830985 0.30581548969072164 0.15747072007042254 0.3060006288659794 0.15747072007042254 0.30507493470790376 0.18942882570422537 0.30563035051546394 0.190540411971831 0.3023904209621993 0.19081830809859154 0.29970590721649487 0.19461622887323943 0.24897786082474227 0.19378253873239437 0.2459230704467354 0.19378253873239437 0.24185001546391752 0.18424142253521128 0.24036890378006873 0.18433405457746477 0.23592557216494844 0.17988770950704225 0.23416675257731961 0.16747499647887323 0.23370390549828177 0.16645604225352112 0.24138716838487975
0 0.14830013204225354 0.23120453092783505 0.14765170774647887 0.23250050343642611 0.13811059154929578 0.22990855841924399 0.13811059154929578 0.22879772508591067 0.12699472887323943 0.22518751890034364 0.12495682042253523 0.2327782113402062 0.12384523415492958 0.2327782113402062 0.11800940492957747 0.24786702749140893 0.11319253169014085 0.26489980240549826 0.1329231883802817 0.27119452405498284 0.13227476232394367 0.2737864673539519 0.15126436267605634 0.2798960498281787 0.15700755809859157 0.26360383161512024 0.16506655985915494 0.23638841924398624 0.14830013204225354 0.23120453092783505
0 0.09661136971830986 0.21926307388316152 0.09059027640845072 0.24129459793814434 0.09179449471830986 0.24138716838487975 0.08938605809859156 0.2488852920962199 0.08920079401408451 0.2530509158075601 0.11421703873239436 0.2612770773195876 0.11800940492957747 0.24786702749140893 0.12384523415492958 0.2327782113402062 0.12495682042253523 0.2327782113402062 0.12699472887323943 0.22518751890034364 0.09661136971830986 0.21926307388316152
0 0.17988770950704225 0.30794458762886595 0.1797134383802817 0.3054615034364261 0.15747072007042254 0.30507493470790376 0.15747072007042254 0.3060006288659794 0.15536316725352112 0.3059368075601374 0.15721598063380282 0.3284487147766323 0.16166232570422537 0.3284487147766323 0.16212548767605633 0.33307718728522334 0.167590786971831 0.3542755859106529 0.1825045704225352 0.3538127388316151 0.1825045704225352 0.35057280927835055 0.19436148943661974 0.35066537800687286 0.20121627288732394 0.35658982130584194 0.20204996302816902 0.365846764604811 0.21307319366197183 0.36649475085910654 0.2219658838028169 0.3660319037800687 0.22520801056338027 0.36566162542955327 0.22502274647887324 0.36288454295532646 0.2290059295774648 0.3626068350515464 0.22882066549295774 0.35723780756013745 0.23363754049295773 0.35714523883161514 0.2335449084507042 0.3534424604810996 0.23975126408450706 0.3518687800687285 0.239566 0.3280784381443299 0.23935757746478875 0.3103513917525773 0.17988770950704225 0.30794458762886595
0 0.23363754049295773 0.35714523883161514 0.22882066549295774 0.35723780756013745 0.2290059295774648 0.3626068350515464 0.22502274647887324 0.36288454295532646 0.22520801056338027 0.36566162542955327 0.2219658838028169 0.3660319037800687 0.21307319366197183 0.36649475085910654 0.20204996302816902 0.365846764604811 0.20121627288732394 0.35658982130584194 0.19436148943661974 0.35066537800687286 0.1825045704225352 0.35057280927835055 0.1825045704225352 0.3538127388316151 0.167590786971831 0.3542755859106529 0.17731716725352112 0.3855640532646048 0.1847277429577465 0.4054664793814433 0.1890814559859155 0.4209255738831615 0.20640367605633805 0.42115699828178693 0.20658894014084506 0.41972217182130583 0.21325845774647886 0.42023130412371135 0.21344372183098592 0.4230083865979381 0.22613433274647887 0.42310095532646047 0.22631959683098593 0.4205090120274914 0.2618903591549296 0.42106442783505155 0.2620756232394366 0.42009245017182134 0.2627703644366197 0.42018501890034365 0.26332615845070423 0.39509870446735396 0.2621219401408451 0.39371016323024055 0.2621219401408451 0.38500863573883165 0.24915343309859153 0.3835275257731959 0.247763948943662 0.35797836254295534 0.23363754049295773 0.35714523883161514
0 0.12900947887323944 0.307065176975945 0.12660104049295776 0.30586177491408933 0.10242403873239436 0.3045658024054983 0.10205351056338029 0.32780073024054984 0.1326221338028169 0.3281710068728523 0.13308529401408453 0.30762059450171825 0.12900947887323944 0.307065176975945
0 0.15105594014084506 0.33335489518900346 0.03508043485915493 0.3318737835051546 0.03526569894366197 0.8430421683848797 0.13716111091549296 0.8467449450171821 0.13956954753521128 0.7986088419243986 0.16476550528169012 0.7989791202749141 0.16513603345070424 0.7891667611683849 0.16050442429577463 0.7887964828178694 0.16050442429577463 0.781761206185567 0.21182265845070422 0.7834274553264604 0.21311950880281688 0.7613959312714776 0.22330905105633803 0.7613959312714776 0.22479116549295775 0.7600999604810996 0.22664380985915494 0.7121489965635739 0.2255322235915493 0.7112233024054982 0.20978475 0.7099273298969072 0.21293424471830985 0.651608589347079 0.21812164788732394 0.6490166460481099 0.22053008450704226 0.6071752646048111 0.19107304753521126 0.6062495704467353 0.1921846338028169 0.554040412371134 0.18032771302816902 0.4288865446735395 0.17514030985915494 0.41666738144329896 0.15105594014084506 0.33335489518900346
0 0.22386484330985915 0.4589716099656358 0.22275325704225352 0.4594344570446735 0.20181838204225352 0.45841619243986254 0.20042889964788732 0.4589716099656358 0.19996573767605635 0.46424806701030935 0.20116995598591547 0.464433206185567 0.20144785387323944 0.465451469072165 0.20042889964788732 0.4659143161512027 0.20061416373239438 0.5176606271477663 0.20163311795774647 0.5201600017182131 0.2292375105633803 0.5198822938144331 0.22970067253521126 0.525529029209622 0.2326649014084507 0.5265472920962199 0.2336838556338028 0.5262695841924399 0.23386911971830987 0.5284912508591065 0.25461873239436617 0.5272878470790379 0.25915770950704226 0.5273804175257732 0.25925034154929577 0.5258993058419245 0.2629556285211268 0.5257141666666667 0.2636040545774648 0.5202525704467353 0.2769430897887324 0.5184937525773197 0.28527998767605633 0.5192343075601374 0.28527998767605633 0.4938702835051546 0.28963370070422534 0.49155604810996567 0.2925052992957747 0.491648616838488 0.2938947816901408 0.49174118728522337 0.2934316197183099 0.4636926494845361 0.2903747588028169 0.463414941580756 0.2878736883802817 0.45961959621993126 0.2847241936619718 0.4593418865979381 0.2843536654929577 0.4220364072164949 0.22613433274647887 0.42310095532646047 0.223590125 0.4230823969072165 0.22386484330985915 0.4589716099656358
0 0.2787494172535211 0.5955115154639175 0.3251581461267606 0.5985663075601374 0.32608446830985915 0.5973629054982817 0.32478761795774647 0.5955115154639175 0.32488025 0.5367299295532646 0.3233055017605634 0.5365447903780068 0.3225644454225352 0.5325643041237114 0.3169138820422535 0.5317311804123712 0.2894947517605634 0.5308054862542955 0.27995363556338027 0.5310831941580756 0.2787494172535211 0.5955115154639175
0 0.3233055017605634 0.5365447903780068 0.32488025 0.5367299295532646 0.3299750211267606 0.5364522216494846 0.3299750211267606 0.5655190206185567 0.34757513732394363 0.5655190206185567 0.34738987323943665 0.5539478436426117 0.36285944894366196 0.5541329810996564 0.36406366725352113 0.555058675257732 0.3872217147887324 0.5544106907216494 0.3873143485915493 0.5373779158075601 0.3869438186619718 0.536822498281787 0.3870364507042253 0.4885938264604811 0.38370169190140846 0.48840868728522335 0.3834237957746479 0.4812808419243987 0.38036693309859154 0.47591181443298974 0.37221530105633804 0.47498612027491405 0.37184477112676056 0.46878396907216496 0.37101108274647887 0.4679508436426117 0.3221012834507042 0.4705427886597938 0.3223791813380282 0.4771152164948454 0.3214528591549296 0.47915174398625426 0.32274970950704224 0.4809105635738832 0.3225644454225352 0.5325643041237114 0.3233055017605634 0.5365447903780068
0 0.2457723573943662 0.6638277542955326 0.24799552992957746 0.6169876237113402 0.22354063028169016 0.6153213745704467 0.22261430985915492 0.6158767903780069 0.21983534330985915 0.6619763659793815 0.2457723573943662 0.6638277542955326
0 0.21941849823943663 0.6680396632302406 0.217137286971831 0.7105324226804124 0.2255322235915493 0.7112233024054982 0.22664380985915494 0.7121489965635739 0.22621141725352115 0.7233403608247423 0.2336838556338028 0.7243218762886598 0.23576808098591548 0.7053914278350515 0.23271121830985914 0.7051600034364262 0.2327575334507042 0.7037714621993127 0.23817651760563383 0.7040028865979381 0.24077021830985917 0.6734549742268042 0.23910283978873242 0.6688265034364261 0.22020587147887324 0.6680859484536082 0.21941849823943663 0.6680396632302406
0 0.2130268767605634 0.786250823024055 0.21145213028169013 0.7889353367697595 0.210247911971831 0.7887501975945017 0.21006264612676057 0.7871765171821306 0.2083026355633803 0.7869913780068728 0.20848789964788733 0.7928232525773196 0.2046899806338028 0.8266110945017182 0.21673216549295773 0.8271665103092783 0.22071534859154932 0.7878245034364262 0.2196963943661972 0.7872690876288659 0.2130268767605634 0.786250823024055
0 0.18190245950704226 0.8706741426116839 0.18273614964788734 0.870951850515464 0.1826435176056338 0.8734512250859107 0.205431036971831 0.876598585910653 0.21117423415492959 0.8368863006872853 0.18718249471830986 0.8341092182130585 0.18190245950704226 0.8706741426116839
0 0.24257654577464788 0.7944895017182131 0.2431323397887324 0.7949523487972509 0.23257226936619715 0.872247823024055 0.2336838556338028 0.8721552525773196 0.23377648767605633 0.873543793814433 0.23164594718309858 0.8746546271477663 0.23016383274647886 0.8814121958762886 0.28639157394366194 0.887892054982818 0.28685473415492957 0.8847446958762887 0.31612650704225354 0.888447472508591 0.31640440492957744 0.8860406666666666 0.3409519348591549 0.8891880274914089 0.341600360915493 0.8880771941580755 0.3531793855633803 0.7991179742268041 0.2436881338028169 0.7861582542955327 0.24257654577464788 0.7944895017182131
0 0.2457723573943662 0.6638277542955326 0.24205625528169014 0.6635624982817869 0.24077021830985917 0.6734549742268042 0.23817651760563383 0.7040028865979381 0.23582463028169012 0.7039024467353951 0.23576808098591548 0.7053914278350515 0.2336838556338028 0.7243218762886598 0.22979330457746477 0.7474642336769759 0.24155759330985915 0.7491304828178694 0.25461873239436617 0.6600786924398625 0.24598590492957748 0.6593285017182131 0.2457723573943662 0.6638277542955326
0 0.24816342605633804 0.6225765034364261 0.25967297535211264 0.6227847835051546 0.2619887799295775 0.6087142302405498 0.29478057746478875 0.6101953419243986 0.30052377288732396 0.6101490567010309 0.30098693309859154 0.5993184329896908 0.26319299823943665 0.5973744759450171 0.2621740457746479 0.6076496821305841 0.2504734419014084 0.6057172955326461 0.24816342605633804 0.6225765034364261
0 0.3122880616197183 0.7114200120274914 0.3113617394366197 0.7189181357388316 0.3236818204225352 0.7128085532646048 0.32386708626760563 0.7104943178694159 0.31247332570422537 0.6089456546391753 0.30052377288732396 0.6101490567010309 0.3122880616197183 0.7114200120274914
0 0.24485182570422537 0.7627960446735395 0.2987637605633803 0.7704793075601374 0.3063596003521126 0.7177147336769759 0.296540588028169 0.7164187611683849 0.30219115316901407 0.6732814072164949 0.28162680633802817 0.6698563384879724 0.2875552658450704 0.6271818316151203 0.2637487922535211 0.6237567628865979 0.24485182570422537 0.7627960446735395
0 0.3421156267605634 0.7600189621993126 0.339336661971831 0.7838093058419243 0.334519786971831 0.7831613195876289 0.33303767253521127 0.7927885395189004 0.352212536971831 0.7963987474226805 0.35656625 0.762148058419244 0.3421156267605634 0.7600189621993126
0 0.403067610915493 0.82120735395189 0.40390130105633804 0.8234290206185566 0.4107560827464789 0.8253729793814433 0.411960301056338 0.8080624948453609 0.41149714084507044 0.8072293711340206 0.4211308890845071 0.7250277182130584 0.4157582218309859 0.7239168848797252 0.4157582218309859 0.7202141082474226 0.3688863309859155 0.7152153591065292 0.37110950352112676 0.7250277182130584 0.3679600088028169 0.7516877130584193 0.36017890492957744 0.7548350738831615 0.3557325598591549 0.7979724278350516 0.3569367781690141 0.8009346494845361 0.3582336285211267 0.8013049278350516 0.35721467429577464 0.8055631202749141 0.35425044542253525 0.808617912371134 0.3531388591549296 0.8183377027491409 0.3569367781690141 0.8191708264604811 0.3608273309859155 0.8160234656357388 0.403067610915493 0.82120735395189
0 0.4149245316901408 0.704107027491409 0.4190003485915493 0.7040144570446736 0.42103825528169014 0.679483558419244 0.41825929049295774 0.6792058505154639 0.4186298186619718 0.6752253659793814 0.4208529911971831 0.6482876615120275 0.41242346126760565 0.6474545360824742 0.4130718873239437 0.6414375240549829 0.3984360017605634 0.6413449536082474 0.3976023116197183 0.6407895378006873 0.36508841197183095 0.6370867611683849 0.3633283996478873 0.6321805807560138 0.3468398697183098 0.630699470790378 0.3449872253521127 0.6347725257731959 0.3448019612676056 0.6349576632302406 0.3437830070422535 0.6417152319587629 0.34026298415492956 0.6412523848797251 0.3407261443661972 0.6331988453608247 0.33118502816901413 0.6333839828178695 0.33025870598591545 0.640974676975945 0.3287765915492958 0.6412523848797251 0.3295176496478873 0.6605993951890033 0.3282207992957747 0.6629136305841925 0.3282207992957747 0.6726334209621992 0.3292397535211268 0.6730036993127148 0.3295176496478873 0.7096611924398625 0.3688863309859155 0.7152153591065292 0.4130434911971831 0.719924589347079 0.4149245316901408 0.704107027491409
0 0.4224277394366197 0.5378523333333334 0.44067628169014084 0.5388705962199313 0.4619816848591549 0.5387780274914089 0.46207431690140843 0.5329461529209623 0.4737459735915493 0.5328535841924399 0.4744870316901408 0.5386854587628865 0.4821755035211267 0.539055735395189 0.5023693221830986 0.5394260137457044 0.5030177464788733 0.5239669192439863 0.5017208961267605 0.4667590120274914 0.4218719454225352 0.46703671993127155 0.4224277394366197 0.5378523333333334
0 0.5046851267605634 0.44472748797250855 0.5071861954225352 0.4449126271477663 0.5072788274647887 0.4466714467353952 0.5084830457746479 0.4500039450171821 0.5084830457746479 0.45213304295532647 0.5065377711267606 0.45259589003436423 0.5067230352112676 0.4887905360824742 0.5118178045774648 0.4911047714776632 0.5469254066901409 0.4920304656357389 0.5490559471830986 0.4942521323024055 0.5587823274647887 0.49499268728522333 0.5589675915492958 0.49388185395189 0.5596160176056338 0.4446349192439862 0.5544286144366197 0.4441720721649485 0.5538728204225352 0.4377847800687285 0.5172831038732394 0.4367665171821306 0.5048703908450705 0.4386179054982818 0.5046851267605634 0.44472748797250855
0 0.5048703908450705 0.5122106013745704 0.5035272235915493 0.5126271632302406 0.5030177464788733 0.5239669192439863 0.5029890827464788 0.5246502886597938 0.5043609137323943 0.5246149054982818 0.5042682816901408 0.5405368470790378 0.508992522887324 0.5403517079037801 0.5097335809859155 0.5385003195876289 0.6379365369718311 0.5415551099656357 0.638307065140845 0.5422956649484536 0.6423828820422535 0.5422030962199313 0.642475514084507 0.5433139295532646 0.6568335035211268 0.5441470549828178 0.6790652306338028 0.5439619158075601 0.6798989190140845 0.5220229604810996 0.6816589313380282 0.5213749742268041 0.6817515633802818 0.5130437268041237 0.6853642183098592 0.5110071993127148 0.6909221514084507 0.5111923384879725 0.6909221514084507 0.4887905360824742 0.6897179313380282 0.4868465773195877 0.6861052764084508 0.48564317525773193 0.6836968397887324 0.48323636941580755 0.6775831144366197 0.48240324570446735 0.6774904823943662 0.4797187319587629 0.6828631496478873 0.477959912371134 0.680269448943662 0.45222561168384884 0.6597051021126761 0.45157762542955326 0.642660778169014 0.4507445 0.642660778169014 0.4455606134020619 0.611351096830986 0.4486154037800687 0.5996794401408451 0.4482451254295533 0.5894898996478873 0.4449126271477663 0.5877298873239437 0.4625933883161512 0.5881004154929578 0.4821255378006873 0.6325638697183098 0.4825883848797251 0.6324712359154929 0.4839769261168385 0.6344165123239436 0.48471748109965634 0.6344165123239436 0.5034165051546392 0.599123647887324 0.5020279639175258 0.5990310158450705 0.5109146288659794 0.5766140246478874 0.5086929639175257 0.5764287605633803 0.5133214347079038 0.5383569278169015 0.5124883092783505 0.5385421936619719 0.508230116838488 0.5319653080985915 0.5079524072164949 0.5319653080985915 0.49628865979381437 0.5055188169014084 0.4957332422680413 0.5048703908450705 0.5122106013745704
0 0.42386353873239435 0.547016706185567 0.424511963028169 0.620424262886598 0.4603606214788732 0.6205168333333334 0.45971219718309864 0.5463687199312716 0.42516038908450704 0.5458133041237113 0.42386353873239435 0.547016706185567
0 0.4603525845070423 0.6195976804123711 0.5026935334507042 0.6194059999999999 0.5031566954225352 0.5417402491408935 0.46619645070422533 0.5412774020618556 0.46471433450704225 0.5404442766323024 0.45971219718309864 0.5400739999999999 0.45971219718309864 0.5463687199312716 0.4603525845070423 0.6195976804123711
0 0.42330774471830984 0.6601365481099657 0.4219182623239437 0.7506694501718213 0.4215477323943662 0.7580750034364261 0.4474847464788732 0.7586304209621992 0.44841106866197183 0.753168824742268 0.4556363802816902 0.750854589347079 0.4564700704225352 0.6956832096219931 0.4564700704225352 0.6597662714776632 0.45813744894366204 0.6593959931271477 0.45952693309859155 0.6222756529209622 0.4603606214788732 0.6205168333333334 0.424511963028169 0.620424262886598 0.42330774471830984 0.6601365481099657
0 0.49231872887323946 0.6447700240549827 0.476015463028169 0.6455105790378007 0.47666388732394366 0.6686529364261168 0.49231872887323946 0.6691157835051547 0.49315241901408446 0.6752253659793814 0.5022303732394365 0.674855087628866 0.5029714313380281 0.6448625927835051 0.49231872887323946 0.6447700240549827
0 0.4094129154929578 0.8434240171821306 0.4087644911971831 0.8435165876288659 0.40839396126760563 0.8487930446735394 0.40700447887323943 0.862030472508591 0.40524446654929575 0.8625858883161512 0.4039476161971831 0.883599149484536 0.41219188204225354 0.8844322749140894 0.4117287200704225 0.8892458848797251 0.40904238732394366 0.8890607457044674 0.4088571232394366 0.8857282457044673 0.40366972007042257 0.8854505378006873 0.3986675809859155 0.923404003436426 0.39996443133802817 0.9234965738831615 0.3982044207746479 0.9352991752577319 0.39996443133802817 0.9374745567010309 0.4151097957746479 0.9386779587628865 0.41612875 0.9250702542955327 0.4167308591549296 0.9249313986254295 0.4171013873239437 0.9219691769759449 0.4307183204225352 0.9238668505154639 0.4307183204225352 0.9230337268041238 0.43641520070422535 0.9236817113402063 0.43660046478873243 0.9262273711340206 0.4387310052816901 0.9264587955326461 0.4391478503521127 0.9238668505154639 0.4395646954225352 0.923126295532646 0.4472531672535211 0.8663349501718213 0.42585513028169014 0.8635578676975946 0.428819360915493 0.8411097817869416 0.4101539735915493 0.8400915171821306 0.4094129154929578 0.8434240171821306
0 0.4682806742957747 0.9104905687285224 0.4674933010563381 0.9105831374570447 0.4655017095070422 0.9338643487972509 0.47726599647887324 0.9344660498281787 0.4788347288732394 0.9343773041237113 0.4810639172535211 0.9109071305841925 0.4682806742957747 0.9104905687285224
0 0.47896521302816897 0.9330034914089347 0.4788347288732394 0.9343773041237113 0.47726599647887324 0.9344660498281787 0.47759020950704223 0.9383076821305841 0.49787666021126764 0.939048237113402 0.5042682816901408 0.9354843144329896 0.5066767183098592 0.8976234175257732 0.48546394718309854 0.8966977233676975 0.48481552112676063 0.9025295979381444 0.48379656690140843 0.9025295979381444 0.4834260387323943 0.909379735395189 0.4806470721830986 0.9311335515463917 0.48032285915492956 0.9333552164948453 0.47896521302816897 0.9330034914089347
0 0.5857846109154929 0.8559671752577319 0.5868035651408451 0.8527272457044673 0.5881930492957747 0.8116264192439863 0.5875446232394366 0.8106081546391753 0.4963019137323944 0.8069979467353952 0.4942640052816902 0.8295848883161512 0.49176293485915495 0.8455068298969072 0.49106819366197185 0.8457845378006873 0.4906050334507042 0.8483301975945018 0.49079029753521125 0.8518478350515464 0.4869923767605634 0.8907269948453608 0.5729550528169014 0.8932263694158076 0.5756877024647887 0.8942909192439862 0.5833761742957746 0.8943372027491409 0.5857846109154929 0.8559671752577319
0 0.5868426214788732 0.8515719725085911 0.5868035651408451 0.8527272457044673 0.5867574665492957 0.852873821305842 0.5840014419014085 0.8950083316151203 0.5866414595070423 0.8951009003436425 0.5878456778169014 0.8938049295532646 0.6101700369718309 0.8949620463917527 0.6119300475352112 0.8613593436426117 0.6101700369718309 0.8608964965635739 0.6108184612676056 0.8536760807560138 0.6137826919014086 0.853490943298969 0.613875323943662 0.8109552903780068 0.5893046355633803 0.8111172869415808 0.5886562095070422 0.8238455824742269 0.5868426214788732 0.8515719725085911
0 0.6052133679577465 0.8110123986254295 0.613875323943662 0.8109552903780068 0.6137826919014086 0.853490943298969 0.6108184612676056 0.8536760807560138 0.6101700369718309 0.8608964965635739 0.6119300475352112 0.8613593436426117 0.6157279683098592 0.8612667749140894 0.614060588028169 0.9117171134020619 0.6135974278169014 0.914309056701031 0.7084527940140845 0.9169935704467354 0.7096570123239436 0.881724618556701 0.7108612306338028 0.8192402542955326 0.711231758802817 0.7453698505154639 0.6092437147887324 0.7430556134020618 0.6092437147887324 0.7415745034364262 0.5796940440140845 0.7404636701030928 0.5783971936619718 0.7799908161512028 0.5791382517605634 0.779805676975945 0.5783971936619718 0.8092427560137457 0.5909025404929577 0.8103073041237114 0.6052133679577465 0.8110123986254295
0 0.5485747887323944 0.8090662319587629 0.5779554841549296 0.8102287405498282 0.5783971936619718 0.8092427560137457 0.5791382517605634 0.779805676975945 0.5783971936619718 0.7799908161512028 0.5796940440140845 0.7404636701030928 0.5197610158450705 0.7389362749140893 0.5187420616197183 0.7652259931271478 0.5303210862676057 0.7667071030927834 0.5280052816901408 0.8016057783505155 0.5490327887323944 0.8026240412371134 0.5485747887323944 0.8090662319587629
0 0.6781620651408451 0.7107951683848798 0.6773283767605633 0.7409728024054983 0.7071559419014085 0.7417133573883161 0.7079896320422535 0.7115357233676975 0.6781620651408451 0.7107951683848798
0 0.5043840721830987 0.713664821305842 0.5175378433098592 0.7131094037800687 0.5224473485915493 0.7141276683848797 0.5347674313380282 0.7138499587628866 0.5384727183098592 0.7119985704467354 0.5450496038732394 0.711906001718213 0.546253823943662 0.7110728762886598 0.5477359383802817 0.6044328951890034 0.5561654683098592 0.6041551872852233 0.5562581003521128 0.5680531099656357 0.5529233415492958 0.5678679707903781 0.5528307095070423 0.5649983178694158 0.5481990985915494 0.5644429020618557 0.5474580422535211 0.5547231116838488 0.5441232834507043 0.5549082508591064 0.5437527535211267 0.5477804037800688 0.5371758679577465 0.5474101271477663 0.5366200757042253 0.5536122783505154 0.5048472323943661 0.5533345704467354 0.5043840721830987 0.713664821305842
0 0.5474580422535211 0.5547231116838488 0.5481990985915494 0.5644429020618557 0.5528307095070423 0.5649983178694158 0.5529233415492958 0.5678679707903781 0.5562581003521128 0.5680531099656357 0.5869193556338028 0.5684233865979381 0.5870119876760563 0.5754586632302405 0.6472229137323944 0.5772174828178694 0.6501871443661972 0.5787911632302405 0.6589872024647887 0.5787911632302405 0.6589872024647887 0.5711079003436426 0.6683430528169014 0.5710153316151203 0.6686209507042253 0.5699970670103093 0.6917789982394367 0.5704599140893472 0.6925200563380282 0.5564819312714776 0.6910379401408451 0.5483358213058419 0.6707514911971831 0.5476878350515464 0.545975926056338 0.543244501718213 0.5461611901408451 0.5460215859106529 0.5456059683098592 0.5548259347079039 0.5474580422535211 0.5547231116838488
0 0.5689487095070422 0.6069322697594501 0.5677444911971832 0.6291489329896907 0.5683002852112676 0.6310928900343643 0.5677444911971832 0.6509953178694158 0.5848814471830986 0.6510878865979381 0.585251977112676 0.6526615670103093 0.5848351320422535 0.6943178092783505 0.5822877464788733 0.6954286426116838 0.5464964806338029 0.6936134072164948 0.546253823943662 0.7110728762886598 0.5450496038732394 0.711906001718213 0.5384727183098592 0.7119985704467354 0.5347674313380282 0.7138499587628866 0.5224473485915493 0.7141276683848797 0.5175378433098592 0.7131094037800687 0.5043840721830987 0.713664821305842 0.5045230193661971 0.7325952680412371 0.5085988362676056 0.7330581151202749 0.512489389084507 0.7350020738831615 0.6235553873239437 0.7375940171821306 0.6317070211267606 0.7357426288659793 0.6391175968309859 0.727689089347079 0.6395807570422536 0.7103786065292097 0.6457871144366197 0.7102860360824743 0.6466208045774648 0.6523375738831615 0.6623682764084508 0.6528929914089348 0.6636651285211268 0.6160503573883161 0.6475471267605634 0.6146618161512027 0.6471765968309859 0.6121624415807561 0.6664440933098592 0.6127178591065292 0.6657030352112676 0.6224376494845361 0.6894168767605634 0.6229004965635739 0.6915474172535211 0.5795780034364261 0.6589872024647887 0.5787911632302405 0.6501871443661972 0.5787911632302405 0.6472229137323944 0.5772174828178694 0.5870119876760563 0.5754586632302405 0.5869193556338028 0.5684233865979381 0.5690529066901409 0.5682076237113403 0.5689487095070422 0.6069322697594501
0 1 0.4380417405498282 0.9636734735915493 0.43810204295532645 0.961079772887324 0.4401385704467354 0.9602460827464788 0.6086149312714777 0.9660819102112675 0.6104663195876289 1 0.6108294810996563 1 0.4380417405498282
0 1 0.22390256185567012 0.9772440897887325 0.2263031907216495 0.9769198785211267 0.2645806494845361 0.9741409119718311 0.31790064089347075 1 0.32043723711340205 1 0.22390256185567012
0 1 0.12939254810996562 0.9962105316901408 0.12968384879725087 0.9953768415492958 0.13014669587628866 0.9950063133802817 0.1616203024054983 0.9943578873239437 0.2014251563573883 0.9950063133802817 0.22151272336769756 1 0.22094006529209623 1 0.12939254810996562
0 0.9653408538732395 0.13185923024054982 0.9652482218309859 0.15939863573883162 0.9685366637323943 0.15967634364261168 0.9689998257042253 0.16194429553264605 0.9798377922535211 0.16286998969072164 0.9934084084507043 0.16245342783505154 0.9941957816901409 0.15963006013745706 0.9940105176056339 0.12963756529209622 0.9653408538732395 0.13185923024054982
0 0.9481112658450704 0.16046318384879724 0.9475554718309859 0.18795630412371134 0.9483891619718309 0.2270206030927835 0.9556144735915494 0.22637261683848797 0.9555218415492958 0.22813143642611683 0.961079772887324 0.22803886769759452 0.9611724049295775 0.22590976975945018 0.9867388908450704 0.22304011855670103 0.9943347306338027 0.22294754810996562 0.9950063133802817 0.22151272336769756 0.9943578873239437 0.2014251563573883 0.9934084084507043 0.16245342783505154 0.9798377922535211 0.16286998969072164 0.9689998257042253 0.16194429553264605 0.9685366637323943 0.15967634364261168 0.9652482218309859 0.15939863573883162 0.9481112658450704 0.16046318384879724
0 0.9307890457746478 0.1603706151202749 0.9288437693661972 0.16379568384879725 0.9273616549295773 0.1638882525773196 0.9276395510563381 0.16888700171821305 0.9086499507042253 0.1674058917525773 0.9082794225352112 0.15768610137457045 0.8997572605633802 0.15777867010309277 0.9002204225352113 0.1826798470790378 0.9001277904929578 0.18554949999999998 0.8985530422535212 0.18564206872852235 0.8980898820422535 0.20332282989690723 0.8980898820422535 0.21026553608247422 0.8993867323943663 0.2125797731958763 0.8999425246478873 0.22674289518900342 0.9029067552816902 0.22683546391752576 0.9047593996478872 0.2285017147766323 0.9469070475352113 0.2275760206185567 0.9467217834507042 0.22516921477663232 0.9483236197183099 0.223949441580756 0.9475554718309859 0.18795630412371134 0.9481112658450704 0.16046318384879724 0.9307890457746478 0.1603706151202749
0 0.8970246109154929 0.23674039347079037 0.893180375 0.35856176116838484 0.9059636179577466 0.3593948865979381 0.9051299278169014 0.3729100223367698 0.9247679524647887 0.3730951615120275 0.9433870246478874 0.37253974570446735 0.943850184859155 0.3604131494845361 0.9557071056338028 0.3600428728522337 0.956262897887324 0.3594874553264605 0.9666377042253521 0.35967259450171823 0.9680271866197182 0.32810641924398626 0.9709914172535212 0.32005287972508595 0.9716398433098592 0.2807108728522337 0.9671934982394366 0.28015545532646047 0.9676566584507041 0.2627524037800687 0.9737703838028169 0.2627524037800687 0.9754377623239436 0.23257476975945018 0.9565407957746478 0.23183421305841925 0.9496860123239437 0.23285247766323022 0.9496860123239437 0.23599983848797254 0.9005909507042253 0.23493529037800687 0.8970246109154929 0.23674039347079037
0 0.8718749700704226 0.16194429553264605 0.8715044419014084 0.16000033676975947 0.8309315422535211 0.16120373883161512 0.8300978521126761 0.16685047422680413 0.8316725985915493 0.16703561340206186 0.8325989207746478 0.1780513762886598 0.8353778873239437 0.17768109793814432 0.8352852552816902 0.2073033144329897 0.8525148415492958 0.2068404673539519 0.8525148415492958 0.21646768900343644 0.8728939242957746 0.21618998109965637 0.8731718221830985 0.21415345360824742 0.8863255933098592 0.21452373024054983 0.8862329612676056 0.20693303780068728 0.8923466848591549 0.20702560652920962 0.8927172147887324 0.18453123539518898 0.8910498345070422 0.1846238058419244 0.8899382482394366 0.16222200343642612 0.8718749700704226 0.16194429553264605
0 0.8366747376760563 0.14741089518900344 0.8379715880281691 0.14657776975945017 0.8378789559859156 0.13750596563573883 0.8350073573943662 0.13417346563573881 0.8022155616197183 0.1354694381443299 0.8032345158450704 0.2266503264604811 0.8236135985915493 0.2257246323024055 0.8235209665492957 0.2271131735395189 0.8498285088028169 0.2271131735395189 0.850662198943662 0.2257246323024055 0.850658559859155 0.2068903350515464 0.8352852552816902 0.2073033144329897 0.8353778873239437 0.17768109793814432 0.8325989207746478 0.1780513762886598 0.8316725985915493 0.16703561340206186 0.8300978521126761 0.16685047422680413 0.8309315422535211 0.16120373883161512 0.8369610686619718 0.16102490206185566 0.8366747376760563 0.14741089518900344
0 0.7721100985915493 0.1364877027491409 0.7720637834507041 0.15361304639175258 0.7684974436619718 0.15361304639175258 0.7684048116197183 0.15949120446735396 0.7761859154929578 0.1593523505154639 0.7763248644366197 0.16300884364261167 0.7749816971830985 0.16282370446735395 0.7749353802816902 0.1606020378006873 0.7555289366197183 0.16078717697594502 0.7557142007042253 0.16768359965635737 0.7563626267605633 0.16791502405498282 0.757844741197183 0.17235835567010308 0.7568721038732394 0.20721074570446735 0.757520528169014 0.22433608934707902 0.7579836901408451 0.22609490893470788 0.7640047816901409 0.2257246323024055 0.7641900457746479 0.22720574226804124 0.8032345158450704 0.2266503264604811 0.8029955193661972 0.20526376975945018 0.798649221830986 0.20517421821305842 0.7985565897887325 0.18943741580756016 0.8028196690140845 0.18952789518900343 0.8022155616197183 0.1354694381443299 0.7721100985915493 0.1364877027491409
0 0.8748855176056338 0.23757351890034364 0.8747928855633803 0.23637011512027492 0.8707170686619718 0.2364626855670103 0.8696054823943662 0.2354444209621993 0.8643254471830986 0.23516671305841927 0.8649738714788733 0.23711067182130585 0.8469105950704225 0.23627754639175258 0.846632698943662 0.23461129725085914 0.8244936038732394 0.2341484501718213 0.8246788679577465 0.23655525429553267 0.8148598556338028 0.23618497766323024 0.8148598556338028 0.23433358762886597 0.795777625 0.23377817182130584 0.794295508802817 0.2339633109965636 0.794295508802817 0.23590726804123713 0.7764174964788733 0.23609240721649483 0.7762322306338028 0.23322275429553266 0.7646532077464788 0.23322275429553266 0.7648384718309859 0.2358146993127148 0.7489983661971831 0.2354444209621993 0.748257309859155 0.2593273333333333 0.7477015158450704 0.284135941580756 0.7583542183098592 0.2843210790378007 0.7584468503521127 0.28654274570446736 0.829125213028169 0.28839413402061853 0.8769234260563381 0.2891346907216495 0.8777571144366197 0.2859873298969072 0.888502448943662 0.2859873298969072 0.8898919330985916 0.2626598333333333 0.8899845651408451 0.23775865635738833 0.8748855176056338 0.23757351890034364
0 0.7384382957746479 0.3162575326460481 0.7384382957746479 0.3205157268041237 0.7389940897887324 0.3207934347079038 0.7383456637323944 0.3434729450171821 0.7621521373239437 0.3442135 0.761040551056338 0.360135441580756 0.7630784595070422 0.36133884364261165 0.7736385299295775 0.36133884364261165 0.7732680017605634 0.36846669072164945 0.8040218890845071 0.370132939862543 0.8251420299295775 0.36967009278350516 0.8323673397887325 0.36957752405498284 0.8329231338028169 0.36337537113402063 0.8491337676056337 0.362449676975945 0.8787760686619719 0.3651341907216495 0.880443448943662 0.3643010670103093 0.8870203345070422 0.3639307886597938 0.889150875 0.3002430223367698 0.8882245528169014 0.2976510773195876 0.8778497464788733 0.2969105223367698 0.8778497464788733 0.2962625360824742 0.8752560457746479 0.2957071202749141 0.8643254471830986 0.2955219810996564 0.8630285968309859 0.29589225773195876 0.8624728028169014 0.2975585085910653 0.8459842728873239 0.2975585085910653 0.8465400651408451 0.295429410652921 0.8448726866197183 0.29376316151202747 0.8345905123239437 0.29385573024054984 0.833478926056338 0.29089350859106533 0.7751206443661972 0.2900603848797251 0.7751206443661972 0.2889495515463918 0.7396425158450703 0.28876441237113404 0.7384382957746479 0.3162575326460481
0 0.756131045774648 0.13158152233676976 0.7407541021126761 0.13185923024054982 0.7349182728873239 0.12593478694158075 0.7202823873239437 0.12565707903780068 0.7199118573943663 0.16055575429553265 0.7203750193661972 0.16361054467353953 0.722876088028169 0.163980823024055 0.72333925 0.16120373883161512 0.7363077570422535 0.16166658591065292 0.736400389084507 0.16694304467353951 0.7173181566901409 0.16731332130584192 0.7175960528169014 0.19452873367697593 0.7157434084507043 0.19425102577319586 0.7155581443661971 0.19267734536082476 0.7143539260563381 0.1925847766323024 0.714168661971831 0.20091602405498282 0.7119454894366197 0.20110116323024055 0.7118528573943662 0.2191522027491409 0.7378825035211267 0.22387324226804126 0.7544636654929577 0.2246137989690722 0.7562236778169015 0.2232252560137457 0.7564089419014085 0.1730526271477663 0.757844741197183 0.17235835567010308 0.7563626267605633 0.16791502405498282 0.7557142007042253 0.16768359965635737 0.7555289366197183 0.16078717697594502 0.756131045774648 0.13158152233676976
0 0.6731789172535212 0.13398832817869416 0.6733641813380281 0.16277741924398625 0.6823495035211268 0.16129630927835054 0.6826273996478873 0.15240964432989693 0.6902232394366198 0.1513913797250859 0.6906864014084506 0.162962558419244 0.6962443327464789 0.16342540549828177 0.7090275757042254 0.163980823024055 0.7108802183098591 0.14213443642611684 0.7084254665492958 0.14194929896907216 0.7092128397887324 0.13394204295532647 0.6731789172535212 0.13398832817869416
0 0.6740126056338028 0.18166158419243986 0.6739199735915493 0.19906463573883162 0.6746610316901409 0.21794879896907215 0.6845726760563381 0.21730081271477664 0.6917979876760564 0.21952247938144331 0.7099538978873239 0.2190596323024055 0.7100465299295774 0.21683796563573884 0.7097686320422535 0.1986017886597938 0.7098612658450704 0.18453123539518898 0.6909642975352113 0.1818467216494845 0.6740126056338028 0.18166158419243986
0 0.6726925968309859 0.13141952577319588 0.652915625 0.1311418178694158 0.6537956302816901 0.15099796048109967 0.636195514084507 0.15127566838487974 0.6364734102112676 0.15757039003436427 0.6121111426056338 0.15988462542955326 0.6135932588028169 0.2015408676975945 0.6124816725352112 0.20228142439862543 0.6125743045774648 0.20616934020618558 0.6301744207746479 0.20765045017182132 0.6371218362676057 0.21116808934707904 0.6369365704225352 0.21431544845360823 0.6724147007042254 0.21487086597938146 0.6729704947183098 0.1973752439862543 0.6718589084507042 0.18159215635738832 0.6721368045774648 0.16506851374570447 0.6733410228873239 0.16451309621993127 0.6733641813380281 0.16277741924398625 0.6731789172535212 0.13398832817869416 0.6726925968309859 0.13141952577319588
0 0.6580567112676056 0.10202873195876289 0.6293407306338028 0.10304699656357388 0.6297112605633802 0.11082282817869415 0.6422166056338028 0.11137824398625429 0.6496271813380282 0.1254487972508591 0.6386965827464789 0.12489338144329898 0.6382334225352113 0.13174351890034364 0.652915625 0.1311418178694158 0.6583341883802818 0.13121790549828177 0.6580567112676056 0.10202873195876289
0 0.6162795915492958 0.15562643127147768 0.6301744207746479 0.15544129209621993 0.6301744207746479 0.14562893298969073 0.6160943274647888 0.14562893298969073 0.6162795915492958 0.15562643127147768
0 0.6670420334507042 0.21968447594501717 0.6676904595070422 0.2325516271477663 0.6923306232394366 0.23625440378006876 0.6920527253521126 0.24301197250859105 0.7118760158450704 0.24393766666666666 0.712153911971831 0.24847356872852233 0.7358677535211268 0.24893641580756012 0.7375351320422535 0.22746030756013746 0.716322360915493 0.22357239175257734 0.6670420334507042 0.21968447594501717
0 0.7223434524647888 0.3096619604810997 0.7205834419014084 0.3071625859106529 0.7205834419014084 0.2692091202749141 0.7199350158450705 0.26837599484536084 0.7115054859154929 0.2664320378006873 0.7045580721830986 0.2665246065292096 0.7056696584507042 0.24801072164948454 0.7046507042253521 0.24615933333333334 0.6672272975352113 0.24597419415807562 0.6645409647887324 0.30623689175257734 0.6553703767605634 0.30762543298969075 0.6550924806338029 0.3253061941580756 0.662132528169014 0.3256764725085911 0.6642630686619718 0.3263244587628866 0.6644483327464789 0.35344730068728525 0.6859390017605634 0.35409528694158077 0.6859390017605634 0.3582609106529209 0.7183602693661972 0.3584460498281787 0.7188234295774648 0.35437299484536083 0.7357751214788733 0.3540027164948454 0.7351730123239436 0.31206876632302405 0.7329961549295775 0.3095693917525773 0.7223434524647888 0.3096619604810997
0 0.6379092095070422 0.33058265120274916 0.6365197253521127 0.3487725446735395 0.6363344612676056 0.3587237577319588 0.6355934049295774 0.3818661151202749 0.6345281338028169 0.3826992405498282 0.6337870757042253 0.4055638883161512 0.6460145264084508 0.4055638883161512 0.6460145264084508 0.404869618556701 0.6582419753521127 0.4049621872852234 0.6603725158450704 0.4049159020618557 0.6608356760563381 0.3948721202749141 0.6633367464788732 0.39445555670103094 0.6641704366197183 0.3579832027491409 0.6644483327464789 0.35344730068728525 0.6642908679577465 0.33039447938144334 0.6379092095070422 0.33058265120274916
0 0.9255784841549295 0.4773977663230241 0.8726855017605634 0.47721262714776636 0.843135832746479 0.47600922336769763 0.8253504524647888 0.476101793814433 0.8249799225352112 0.5060017182130584 0.8246093943661972 0.550064766323024 0.7973755299295775 0.5493242113402061 0.7970976320422536 0.6096794793814433 0.8172914507042254 0.610142326460481 0.8222935897887325 0.6094943402061855 0.8380410616197183 0.6095869089347079 0.8641633397887324 0.609864618556701 0.8643486056338029 0.6106977422680412 0.870462329225352 0.6111605893470791 0.8873213890845071 0.6110680206185567 0.8874140211267606 0.5822789278350515 0.8971404014084506 0.5819086512027491 0.8974182975352113 0.5804275395189004 0.9174268521126759 0.5805201099656357 0.9177047482394366 0.5722814295532646 0.9208542429577464 0.5725591374570447 0.9206689788732394 0.5440477542955326 0.9364164507042254 0.5434923384879725 0.9374354049295774 0.5323840068728523 0.9400291073943663 0.5320137285223367 0.9411406936619718 0.5079456769759451 0.9416964859154929 0.4598095738831615 0.9313216813380282 0.4490715206185567 0.9255784841549295 0.44925665979381446 0.9255784841549295 0.4773977663230241
0 0.7959860457746478 0.6421713487972508 0.8529548450704225 0.6416159312714776 0.856196971830986 0.641986209621993 0.8562896038732395 0.6432821821305842 0.8590685704225351 0.6428193350515464 0.8592538345070422 0.6397645429553265 0.8590685704225351 0.6115308676975945 0.7960786795774648 0.6114382989690722 0.7959860457746478 0.6421713487972508
0 0.8592538345070422 0.6397645429553265 0.8590685704225351 0.6428193350515464 0.8562896038732395 0.6432821821305842 0.856196971830986 0.641986209621993 0.8529548450704225 0.6416159312714776 0.7959860457746478 0.6421713487972508 0.7949670933098592 0.6430044742268042 0.7949670933098592 0.6605926649484536 0.7954302535211268 0.6798471065292097 0.8395231778169014 0.6796619673539519 0.8400789700704225 0.6839201615120275 0.8521211549295775 0.6833647439862542 0.852213786971831 0.6811430773195877 0.853047477112676 0.6811430773195877 0.8527695809859155 0.6786437027491409 0.860365420774648 0.6788288419243986 0.8703696971830985 0.6668873865979382 0.870462329225352 0.6123639931271477 0.8590685704225351 0.6115308676975945 0.8592538345070422 0.6397645429553265
0 0.7952449894366198 0.7039151580756015 0.7957081496478873 0.7228918900343643 0.835447360915493 0.7241878625429553 0.836095786971831 0.7045631443298969 0.835817176056338 0.6796775274914089 0.7954302535211268 0.6798471065292097 0.7952449894366198 0.7039151580756015
0 0.7383688221830985 0.5534898367697594 0.737257235915493 0.5857965670103092 0.7568952605633803 0.5860742749140894 0.7571731584507043 0.5909804553264605 0.7352193274647887 0.5907953161512027 0.7357751214788733 0.6527242628865979 0.7574510545774648 0.6527242628865979 0.7579142147887323 0.6431896116838487 0.7930218169014085 0.6434673213058419 0.7949670933098592 0.6430044742268042 0.7948744595070423 0.5857039965635739 0.780053309859155 0.5857965670103092 0.7801459419014085 0.5546006683848796 0.7383688221830985 0.5534898367697594
0 0.7567563133802817 0.6914182852233677 0.7539773468309859 0.6914182852233677 0.7458257147887324 0.7015083522336769 0.7368403908450705 0.7012306443298969 0.7364698626760564 0.7147457800687285 0.7376740809859155 0.7282609175257732 0.7783396144366197 0.7282609175257732 0.7785248785211267 0.6969724501718213 0.793160764084507 0.6968798814432989 0.7933460299295775 0.6453187096219931 0.7791733028169013 0.645041001718213 0.7652784753521127 0.6454112783505155 0.7578310475352112 0.64490170790378 0.7574510545774648 0.6527242628865979 0.7567563133802817 0.6914182852233677
0 0.7874175686619718 0.792133823024055 0.7684279683098592 0.7923189621993127 0.7667605897887324 0.8217560395189004 0.7860280862676057 0.8235148591065292 0.7841754419014084 0.85378506185567 0.7864912464788733 0.8535999243986254 0.7863059823943662 0.8557290206185567 0.788807051056338 0.8560992989690722 0.7883438908450705 0.8630420051546391 0.840125286971831 0.866837352233677 0.843830573943662 0.865819087628866 0.8489253450704225 0.7696394518900344 0.7883438908450705 0.7666772302405498 0.7874175686619718 0.792133823024055
0 0.8885719242957746 0.7342779295532647 0.8880161302816901 0.7634373006872852 0.9116373397887324 0.763622439862543 0.9115447077464788 0.7344630687285224 0.8885719242957746 0.7342779295532647
0 0.7355435404929577 0.9188613711340207 0.7345245862676056 0.9192316494845362 0.7339687940140845 0.9290440085910653 0.7350803802816902 0.9296919948453608 0.7342466901408451 0.9448733797250859 0.7486046795774648 0.945151089347079 0.7492531056338028 0.9473727542955327 0.761851082746479 0.9477430326460482 0.763333198943662 0.9244155360824743 0.7637037271126761 0.9066422061855669 0.7366551267605634 0.9054388041237112 0.7355435404929577 0.9188613711340207
0 1 0.8702418058419243 0.9401680545774648 0.8685961718213058 0.9397048943661972 0.8707252680412372 0.912748926056338 0.8696144347079038 0.911915235915493 0.8712806838487972 0.9105257535211267 0.8719286701030928 0.9094141672535211 0.9304325498281787 0.9106183855633802 0.9309879656357389 0.9113594436619717 0.9430219914089347 0.9333132728873239 0.9436699776632301 0.9333132728873239 0.9395969226804124 0.9535070915492958 0.9400597697594502 0.9535997235915492 0.9357090068728522 0.9562860563380282 0.9357090068728522 0.9570271144366197 0.9348758814432989 0.9720335299295775 0.9352461597938144 0.9751830246478873 0.9360792852233677 0.9750903926056339 0.9393192147766322 1 0.9398307096219932 1 0.8702418058419243
0 1 0.7971406924398625 0.9998231866197184 0.7971325721649484 0.993709463028169 0.7989839604810997 0.9397975264084506 0.7978731271477664 0.9394733133802817 0.7734347989690722 0.9141847253521127 0.7727868127147767 0.9140920933098591 0.8641528384879725 0.9125173450704225 0.8644305463917525 0.912748926056338 0.8696144347079038 0.9397048943661972 0.8707252680412372 0.9401680545774648 0.8685961718213058 0.9391027852112677 0.8661430807560138 0.9404459524647888 0.8660505120274914 0.9417891179577466 0.8670224914089347 0.9595745 0.8675316219931272 0.9595339102112677 0.8691288144329897 1 0.8702418058419243 1 0.7971406924398625
0 1 0.7333890515463918 0.9349343362676056 0.7309454312714776 0.9143699894366197 0.7315008470790378 0.9141847253521127 0.7727868127147767 0.9394733133802817 0.7734347989690722 0.9403996355633802 0.7692691735395188 0.9409554295774647 0.7692691735395188 0.9416964859154929 0.7666772302405498 0.9437343943661973 0.7666772302405498 0.9442901883802816 0.7583459810996565 0.9981094911971832 0.7602899398625429 0.9981094911971832 0.7588088281786941 0.9968126408450704 0.7584385515463918 0.9969979049295774 0.7568648711340207 1 0.7569146872852234 1 0.7333890515463918
0 1 0.7603396391752577 0.9995452904929577 0.7603362250859107 0.9989431813380282 0.761863620274914 0.9977852799295774 0.7611230652920962 0.9442186637323944 0.7594181082474226 0.9437343943661973 0.7666772302405498 0.9416964859154929 0.7666772302405498 0.9409554295774647 0.7692691735395188 0.9403996355633802 0.7692691735395188 0.9394733133802817 0.7734347989690722 0.9397975264084506 0.7978731271477664 0.993709463028169 0.7989839604810997 0.9954231584507042 0.7966234398625429 0.996905272887324 0.7956977457044674 0.996905272887324 0.7930132319587629 0.9982947570422536 0.793568649484536 0.9994989753521126 0.795605176975945 1 0.7956132096219932 1 0.7603396391752577
0 1 0.698660912371134 0.9762482940140846 0.6978055756013746 0.9772672482394367 0.6522614158075601 0.977174616197183 0.6453187096219931 0.9778230422535212 0.6449484312714776 0.976989352112676 0.6322664192439863 0.9730061672535212 0.6322664192439863 0.9718945809859154 0.6251385738831615 0.9431786021126761 0.6256939896907217 0.9441049225352112 0.6345806563573884 0.9460501989436619 0.6346732250859106 0.9461428309859156 0.6439301683848797 0.9438270264084507 0.6442078762886598 0.9442901883802816 0.6542979432989691 0.9425301760563379 0.6543905137457044 0.9423449119718309 0.6610555120274914 0.9145552535211269 0.6601298178694158 0.9145552535211269 0.6977130051546392 0.9143699894366197 0.7315008470790378 0.9349343362676056 0.7309454312714776 1 0.7333890515463918 1 0.698660912371134
0 0.611284852112676 0 0.6109891126760563 0.004285323024054983 0.612520875 0.004702792096219931 0.6121031214788732 0.020844963917525775 0.6215721901408451 0.02091454295532646 0.6269333538732395 0.019244663230240548 0.6270726056338027 0.021401591065292096 0.6621638591549296 0.020010024054982818 0.6760889595070423 0.019801288659793814 0.6801272394366197 0.016391951890034364 0.6798487376760564 0.009016647766323025 0.6766459647887324 0.008668757731958764 0.6765763380281691 0.007485926116838488 0.6866024119718309 0.007694659793814432 0.6867764753521127 0.006720563573883161 0.6884474876760562 0.005468152920962199 0.6885353890845071 0 0.611284852112676 0
0 0.7284125264084507 0.023001893470790378 0.7282732764084507 0.060991659793814434 0.725906008802817 0.06120039518900344 0.7264630123239436 0.08610943642611685 0.7519459471830986 0.08638775085910652 0.7555664735915494 0.08645732817869416 0.7556360985915492 0.0808910618556701 0.7724158450704225 0.0808910618556701 0.7722069683098591 0.08527449656357387 0.7951833855633802 0.08436997938144329 0.7946960070422535 0.02105369931271478 0.7293872834507041 0.020705807560137457 0.7284125264084507 0.023001893470790378
0 0.7311160616197183 0 0.7310931091549296 0.000997745704467354 0.7255926936619718 0.002180577319587629 0.7218329172535212 0.002180577319587629 0.7216240404929577 0.015539616838487973 0.722041792253521 0.019227268041237113 0.7322767429577465 0.017696544673539517 0.7668806179577464 0.017626967353951892 0.7805968433098591 0.016722448453608246 0.7917369225352112 0.01630497766323024 0.7919457992957747 0.002389312714776632 0.7945219436619718 0.0037113006872852234 0.7946466126760564 0 0.7311160616197183 0
0 0.7968308415492957 0 0.7973417764084507 0.004702792096219931 0.7970632746478873 0.010269058419243986 0.7962277676056337 0.010269058419243986 0.7960885176056338 0.01548743298969072 0.8225462095070423 0.015139541237113403 0.8400918362676056 0.01548743298969072 0.8412058450704225 0.017366048109965636 0.8671761566901408 0.018548879725085912 0.8675208961267605 0 0.7968308415492957 0
0 0.7968892112676057 0.02021875945017182 0.7966107077464788 0.03260370274914089 0.8019022464788732 0.03309075085910653 0.8018326214788732 0.03455189518900344 0.7966803345070422 0.035247678694158076 0.7970980862676056 0.043110029209621994 0.8022503750000001 0.043110029209621994 0.8020414982394366 0.04665852405498282 0.7966107077464788 0.0467281030927835 0.7968195845070423 0.07428112027491408 0.8016237447183099 0.07386365120274914 0.8016237447183099 0.07560310996563574 0.8491083397887325 0.07261124054982819 0.8485513345070422 0.04025731786941581 0.8344869823943663 0.03469105154639175 0.8347654859154929 0.031212135738831612 0.8375505052816901 0.030933823024054986 0.8375505052816901 0.019870867697594503 0.7968892112676057 0.02021875945017182
0 0.9085586408450705 0 0.9091951496478874 0.00011062199312714776 0.9097521531690141 0.006163936426116838 0.9111446637323943 0.006442250859106529 0.9117016672535211 0.009294962199312714 0.9318234383802817 0.009086226804123711 0.9325196936619718 0.011103998281786941 0.9346084595070423 0.011938938144329897 0.9470714242957746 0.012356408934707904 0.9480461813380282 0.011173577319587628 0.9482550580985916 0.008807914089347078 0.9699782147887325 0.007833817869415807 0.9699782147887325 0 0.9085586408450705 0
0 1 0 0.9735983503521127 0 0.9737379929577464 0.0075555034364261165 1 0.007821134020618556 1 0
0 1 0.010288025773195876 0.9739468679577464 0.010686529209621994 0.9745038732394365 0.0654446735395189 0.974852 0.06920190378006873 0.9795865352112677 0.06948021649484536 0.9850173239436619 0.06954979553264605 0.9859920809859155 0.06961937285223369 0.9896126073943662 0.06968895189003436 0.9901696109154929 0.06300943127147766 1 0.062327228522336776 1 0.010288025773195876
0 0.9480461813380282 0.011173577319587628 0.9470714242957746 0.012356408934707904 0.9471410492957747 0.015139541237113403 0.931266434859155 0.01548743298969072 0.9311271830985914 0.013400084192439862 0.9095432764084508 0.014235024054982818 0.9097521531690141 0.028916051546391753 0.9307790563380282 0.028359424398625432 0.9314056848591549 0.03977026975945017 0.9316841866197182 0.059878407216494844 0.9331463239436619 0.06335732302405499 0.935165463028169 0.06408789518900343 0.950413448943662 0.0638095824742268 0.9504830739436619 0.06179181099656358 0.9524325880281691 0.06144391924398626 0.9529895915492957 0.08336109278350516 0.9742253714788732 0.08266530927835052 0.9742253714788732 0.07021078865979381 0.9736683661971831 0.07014121134020618 0.9719973538732395 0.010964841924398625 0.9480461813380282 0.011173577319587628