0 0.06276408626760564 1 0.06011353521126761 0.9756399536082474 0.04703517605633802 0.9770595962199313 0.047280089788732396 0.9838640927835051 0.045761628521126765 0.9838640927835051 0.045075871478873236 0.9787240051546393 0.026609424295774647 0.981220620274914 0.02884514084507042 1 0.06276408626760564 1
0 0.20314278169014083 0.688333529209622 0.20480819014084506 0.7200552130584192 0.2008895809859155 0.7202510257731959 0.20186923239436622 0.7337621134020619 0.23635299647887326 0.7307270154639175 0.23635299647887326 0.7209363711340206 0.23997770950704228 0.7197614948453608 0.23752857922535212 0.6636611099656358 0.227536125 0.6652276116838488 0.2276340897887324 0.666794115120275 0.2020651637323944 0.6689480567010309 0.20314278169014083 0.688333529209622
0 0.4352247200704225 1 0.4340635158450704 0.9877355532646047 0.42877676408450704 0.9880844673539518 0.42842763908450704 0.9896795103092784 0.40942525880281694 0.9927699054982818 0.39226825352112676 0.995511384879725 0.39176950352112677 0.9927699054982818 0.3747122482394366 0.9956609192439863 0.375161389084507 1 0.4352247200704225 1
0 0.5686151302816901 1 0.5710701795774648 0.990676412371134 0.605982690140845 0.9982528642611683 0.6166559436619719 0.9485074776632302 0.557304676056338 0.948009027491409 0.5034396602112676 0.948009027491409 0.46194364964788726 0.9481087164948453 0.45805339788732397 0.9702897766323024 0.45665689788732394 0.9705390017182131 0.45055373063380283 1 0.5686151302816901 1
0 0.604336815140845 0.9404076529209623 0.6076784401408452 0.9409061030927834 0.6133143169014085 0.8893164501718214 0.6265810704225352 0.8904628865979382 0.6296733221830986 0.8588611082474227 0.6167556936619718 0.8577146718213058 0.6167556936619718 0.8564186993127147 0.5908206866197183 0.85282985395189 0.5762073063380282 0.8518827972508591 0.5761075563380281 0.8448047972508591 0.5725165563380282 0.8442565017182131 0.5664816795774648 0.8435586701030928 0.5528657992957747 0.8431100652920963 0.5512199242957746 0.8549233470790377 0.5493745492957746 0.8549233470790377 0.5486762992957747 0.86140320790378 0.5416937975352113 0.8605558419243986 0.5321177940140845 0.8602567714776632 0.5314195440140844 0.8707740824742268 0.5325167940140845 0.8710233075601375 0.5320928556338028 0.8764314982817869 0.5317187940140845 0.87670564604811 0.5311951056338028 0.887048498281787 0.5301477306338028 0.8871731116838487 0.5300479806338028 0.893852352233677 0.5287262922535211 0.8938772749140894 0.5287013556338028 0.8965689089347079 0.5279033556338029 0.8991857749140892 0.5279033556338029 0.9012045000000001 0.5282524806338028 0.9014537268041237 0.5282026056338027 0.9050674948453609 0.539698795774648 0.9051422611683848 0.5396489207746479 0.906438233676976 0.5469805475352113 0.9066874587628866 0.5463321725352113 0.9134165446735395 0.5450354225352113 0.9138153041237114 0.5450354225352113 0.9150115859106529 0.5586513010563381 0.9172047697594502 0.5593994260563381 0.9179524467353952 0.558102676056338 0.930662939862543 0.5614443028169015 0.9308124759450171 0.5605964278169014 0.9390369140893471 0.5602971778169015 0.9434232800687286 0.6035870968309859 0.9483977216494845 0.604336815140845 0.9404076529209623
0 0.6908053292253521 1 0.6908699647887323 0.9992248419243986 0.6927652147887323 0.9871623333333333 0.6729149595070422 0.981081235395189 0.6440872007042253 0.9733054037800688 0.6450847007042254 0.968021824742268 0.6415934507042254 0.9674236838487972 0.6326413362676057 1 0.6908053292253521 1
0 0.6440872007042253 0.9733054037800688 0.6729149595070422 0.981081235395189 0.6927652147887323 0.9871623333333333 0.694086903169014 0.9869131082474226 0.7048100316901408 0.9481336391752576 0.7061566566901409 0.9431491323024054 0.6904959014084506 0.9380649347079039 0.6722416461267606 0.932781355670103 0.6563813926056338 0.9285445240549828 0.6560821426056338 0.9294915807560138 0.6506707024647888 0.9493797663230241 0.6504712024647887 0.9512240343642612 0.6457580140845071 0.9683707405498282 0.6450847007042254 0.968021824742268 0.6440872007042253 0.9733054037800688
0 0.7634437429577465 1 0.7635129225352113 0.9997731391752578 0.7679019242957746 0.9812307697594502 0.756031670774648 0.97734285395189 0.7521414190140845 0.9734549381443299 0.7526401690140845 0.971760206185567 0.7553334207746479 0.9562085412371134 0.7487000440140845 0.9545636546391754 0.7386252904929578 0.9534172182130585 0.7355829154929577 0.9517723298969073 0.7298971637323943 0.9533175274914089 0.7083511566901408 0.9478844140893471 0.7048100316901408 0.9481336391752576 0.694086903169014 0.9869131082474226 0.6927652147887323 0.9871623333333333 0.690858934859155 1 0.7634437429577465 1
0 0.8135707253521127 1 0.7875277429577465 0.9936172714776632 0.7856324911971831 0.995511384879725 0.765783411971831 0.9901809192439863 0.7635129225352113 0.9997731391752578 0.763458110915493 1 0.8135707253521127 1
0 0.9685833080985915 1 0.9688234190140845 0.9844457783505155 0.9659306690140846 0.9898788900343642 0.9670777940140846 0.9906265670103093 0.9662797940140844 0.9922216099656358 0.9644344172535212 0.9917231580756013 0.9646339172535211 0.9963587508591066 0.9626966214788732 1 0.9685833080985915 1
0 0.9592972922535211 0.8097387869415807 0.9346590352112677 0.8073462233676976 0.9242850316901408 0.8395461408934708 0.9010432746478872 0.830773408934708 0.8949585228873239 0.8306737182130585 0.8808937693661972 0.8739392439862542 0.8712180158450704 0.8988617817869416 0.9021405246478872 0.9104258402061856 0.9077265264084506 0.9098276993127148 0.9092227764084507 0.904344740549828 0.9286740334507042 0.9115224312714776 0.9685740440140844 0.930862321305842 0.9687735440140846 0.8908865704467355 0.941940786971831 0.8817150756013746 0.9445342869718311 0.8754345962199312 0.9600952922535211 0.8814160051546391 0.9611925422535211 0.879023441580756 0.9685740440140844 0.8820141460481099 0.9683745440140845 0.8133276323024055 0.9592972922535211 0.8097387869415807
0 0.8727804419014085 0.8948373298969073 0.8808937693661972 0.8739392439862542 0.8949585228873239 0.8306737182130585 0.8556071373239437 0.8143245326460481 0.854335323943662 0.817240470790378 0.8546595105633803 0.818536441580756 0.8496221355633803 0.8327173659793814 0.8312182552816901 0.8252904501718213 0.8264801285211268 0.836704972508591 0.8224402517605635 0.8349603951890034 0.8186248133802817 0.8427362268041237 0.8184253133802818 0.844530649484536 0.8174776883802818 0.8453281701030928 0.8081011848591549 0.8725435824742268 0.8093480616197183 0.8736152508591065 0.8641108274647887 0.8927308384879725 0.8727804419014085 0.8948373298969073
0 0.8464550721830986 0.7926419261168385 0.8466046971830986 0.7941372783505155 0.8450585704225352 0.7987230240549829 0.8898962095070423 0.8113338281786941 0.8982253362676056 0.7854642336769759 0.9003200862676056 0.7784859243986254 0.9000208362676057 0.7731026546391753 0.856928823943662 0.7616382886597938 0.856729323943662 0.7636320910652921 0.8496470721830985 0.7609404570446735 0.853038573943662 0.7472829054982818 0.8508440721830985 0.746684764604811 0.855931323943662 0.7266470446735395 0.8610185757042254 0.6984347319587629 0.8579263257042253 0.6973381391752578 0.8460560721830985 0.6966403092783505 0.8125400616197184 0.6902601391752577 0.806854309859155 0.7201671855670103 0.8018668080985916 0.749675469072165 0.7982758080985916 0.7649280635738831 0.823512565140845 0.7699125704467353 0.8211185651408451 0.7833707405498281 0.8479014471830986 0.7889533900343643 0.8464550721830986 0.7926419261168385
0 0.7953830563380282 0.7679686134020619 0.8012683080985916 0.7332265945017182 0.7933880563380281 0.7313823264604811 0.7935376813380282 0.7283916219931271 0.7814180528169015 0.7266968900343642 0.7644605475352113 0.7256501426116838 0.7525902940140845 0.7247529312714777 0.7492486690140845 0.7255006082474227 0.7457075422535212 0.7252015378006873 0.7403210404929577 0.7697630360824742 0.7572286707746478 0.7723549793814434 0.7578271707746479 0.7707100910652921 0.7596725475352113 0.771108852233677 0.7595727975352112 0.7726042044673539 0.774435551056338 0.7742989364261168 0.774535301056338 0.7750964587628866 0.7928893063380282 0.7769905721649484 0.7938868063380282 0.768118147766323 0.7953830563380282 0.7679686134020619
0 0.7711570528169014 0.7260635017182131 0.7814180528169015 0.7266968900343642 0.7935376813380282 0.7283916219931271 0.7933880563380281 0.7313823264604811 0.8012683080985916 0.7332265945017182 0.8113679982394366 0.6900856821305842 0.7806948644366197 0.6830076804123711 0.7793981144366197 0.6916807233676976 0.7772534894366198 0.6917804140893471 0.7711570528169014 0.7260635017182131
0 0.8372032570422535 0.89978391580756 0.8310187552816901 0.8975907319587628 0.8234377517605634 0.9189244243986255 0.8304202552816901 0.9209182285223368 0.8280262535211268 0.9286940601374571 0.8587492623239437 0.9394605962199313 0.8547592623239437 0.9512240343642612 0.9094222764084507 0.9685701202749141 0.9172027799295774 0.945840766323024 0.9231877816901409 0.9209182285223368 0.895257772887324 0.9135411563573884 0.8384002570422535 0.8959956907216494 0.8372032570422535 0.89978391580756
0 0.7303709753521126 0.8880204776632301 0.7083262200704226 0.8849300841924399 0.7047352183098592 0.9123448745704468 0.7043362183098592 0.9146377491408935 0.7018424683098592 0.9143386786941582 0.6992489665492957 0.9350742302405499 0.7028399683098592 0.9349745395189003 0.7024409683098591 0.9368686529209622 0.7034384683098591 0.9370680326460481 0.7034384683098591 0.9380649347079039 0.7191989718309859 0.9404574982817869 0.7198972235915493 0.935772060137457 0.7201964735915493 0.9354729896907217 0.7208947235915494 0.9365695824742267 0.7236877235915493 0.937666173539519 0.7760564894366198 0.9436475824742269 0.7779517394366198 0.9420525412371135 0.7783507394366198 0.9393609072164948 0.7807447394366197 0.9393609072164948 0.7807447394366197 0.940258118556701 0.7908194929577465 0.941554089347079 0.7908194929577465 0.9399590481099656 0.7936124947183099 0.9180272130584192 0.7949092447183098 0.8980891838487972 0.7853332411971831 0.8966935206185567 0.7852334911971831 0.8950984793814433 0.7843357411971831 0.8944006477663229 0.7846349911971832 0.890113970790378 0.7850339911971831 0.8896155206185566 0.7868294911971832 0.8756588986254296 0.7730639876760563 0.8739641666666667 0.7590989841549296 0.8728675756013746 0.7592984841549296 0.8692787302405499 0.7447349806338028 0.8680824484536083 0.7440367288732395 0.8708737714776633 0.7321664771126761 0.8705747010309279 0.7303709753521126 0.8880204776632301
0 0.875998073943662 1 0.8824897693661972 0.977542235395189 0.8206447517605634 0.965978176975945 0.8116672482394366 0.9960846030927835 0.8253118221830985 1 0.875998073943662 1
0 0.425335389084507 0.8610044467353951 0.42812838908450707 0.8785499140893471 0.4842876549295774 0.8708737714776633 0.4844871549295774 0.8682818281786943 0.4984022834507042 0.8662880257731959 0.49875141021126757 0.8668363213058419 0.4998985352112676 0.8667366305841925 0.49620778345070427 0.8474964312714777 0.49057190669014084 0.8483936426116839 0.4881280316901409 0.8310974020618557 0.47930015316901403 0.8322936838487972 0.4784522781690141 0.8296020498281788 0.43673182922535214 0.8355585360824742 0.42555982570422535 0.8372532680412371 0.42244263732394366 0.8395710635738831 0.425335389084507 0.8610044467353951
0 0.5256091038732394 0.7967790670103093 0.5272051056338027 0.7967790670103093 0.5270056056338028 0.8077449828178694 0.5303971056338028 0.807645293814433 0.5293996056338028 0.8178136890034364 0.5313946056338028 0.8181127594501718 0.5314943556338029 0.8214025343642612 0.5556338626760563 0.8218012938144329 0.5555341126760563 0.8181127594501718 0.5710951179577465 0.8183121391752577 0.5731898679577465 0.8170161666666667 0.5809703697183098 0.817315237113402 0.5817683714788733 0.8143245326460481 0.5826661214788733 0.8085425051546391 0.5833643714788732 0.8085425051546391 0.5844616214788733 0.7599934003436427 0.5294993556338028 0.7608906116838489 0.5288011056338029 0.773351881443299 0.5260081038732395 0.7737506408934708 0.5256091038732394 0.7967790670103093
0 0.5874541214788732 0.8097387869415807 0.6178778802816901 0.8112341391752577 0.6175786302816901 0.8202062525773195 0.6365311355633803 0.8219009845360825 0.6377281373239436 0.820505323024055 0.6460073890845069 0.8213028436426116 0.6472043890845071 0.8121313505154639 0.6643613943661972 0.8112341391752577 0.6659573943661972 0.7864112903780068 0.6667553943661971 0.7641803865979382 0.6299476338028168 0.7622862731958764 0.6095986285211268 0.7627847250859107 0.6095986285211268 0.7590961890034365 0.5900476232394366 0.7579995979381444 0.5874541214788732 0.8097387869415807
0 0.9581252288732395 0.6833316735395188 0.9584244788732393 0.6888146323024055 0.952638977112676 0.7087526615120275 0.9482499753521128 0.7070579295532646 0.9464544753521127 0.7184226065292096 0.9459557253521127 0.718721676975945 0.9423647235915492 0.7341736512027491 0.9422649735915493 0.7353699329896907 0.9450579753521126 0.7359680738831615 0.9372774718309859 0.7659748092783506 0.9684992323943662 0.7725543591065293 0.9684992323943662 0.6827335326460481 0.9581252288732395 0.6833316735395188
0 0.9682997306338028 0.6282030189003436 0.9563297288732394 0.6275051890034364 0.9516414771126761 0.6451503453608248 0.951940727112676 0.6480413591065293 0.9482499753521128 0.6665837285223367 0.9685989823943661 0.6717676151202749 0.9682997306338028 0.6282030189003436
0 0.9686987323943661 0.5539338556701031 0.9451577253521127 0.5534354054982817 0.9414669735915493 0.569983970790378 0.9364794718309859 0.5707814914089346 0.9213174683098592 0.5651988436426116 0.9027639630281691 0.5618093780068728 0.8971779612676056 0.5781585635738832 0.8979759612676056 0.5795542250859107 0.8883999577464788 0.6114550738831614 0.9517412271126761 0.6276048780068728 0.9535367271126761 0.6236172731958762 0.9640104806338028 0.6259101460481099 0.9681999806338029 0.6096606512027491 0.9686987323943661 0.5539338556701031
0 0.8871032077464789 0.6116544536082474 0.8784249559859155 0.6425584020618557 0.8785247059859155 0.6436549931271478 0.8774274559859155 0.6475429089347079 0.8787242059859155 0.6477921340206185 0.8728389542253522 0.6660852766323024 0.8968288362676056 0.6743097147766324 0.9136367165492958 0.6785465463917526 0.9224645933098591 0.6619481357388316 0.935332346830986 0.6648391512027492 0.9379258485915494 0.6557673470790377 0.9449083503521126 0.6567642474226804 0.950594102112676 0.633735823024055 0.9504943521126761 0.6295488367697595 0.9260555950704226 0.6233680463917526 0.9262972165492956 0.6211175463917525 0.8883999577464788 0.6114550738831614 0.8871032077464789 0.6116544536082474
0 0.9521901021126761 0.437645293814433 0.950594102112676 0.437645293814433 0.9476016003521127 0.4501065635738832 0.9687486073943661 0.4541938591065292 0.9684493573943662 0.3859061048109966 0.9643596056338029 0.38540765463917526 0.9521901021126761 0.437645293814433
0 0.8906942095070423 0.29454008075601373 0.8883500827464789 0.29478930584192437 0.8876019577464789 0.313879970790378 0.8894473345070423 0.3139796597938144 0.8892977095070422 0.3188146323024055 0.8919909595070423 0.3188146323024055 0.8902952095070422 0.3605349621993127 0.8894473345070423 0.36761296219931267 0.8877515827464789 0.3677126529209622 0.8872528327464789 0.3722485549828179 0.8906942095070423 0.3723482439862543 0.8907939595070423 0.37603678006872854 0.9018662130281689 0.37613647079037804 0.9020158380281691 0.37289653951890034 0.9169783415492958 0.37269715979381446 0.9169783415492958 0.3613324828178694 0.9210182183098591 0.3614820171821306 0.9240605933098591 0.35913929896907215 0.9256067200704224 0.29279550343642613 0.8909934595070423 0.29080170103092784 0.8906942095070423 0.29454008075601373
0 0.8706444542253521 0.3206090549828179 0.8472031971830986 0.32011060481099657 0.8448091954225353 0.36616745532646044 0.8690484524647888 0.36736373711340203 0.8844099577464789 0.36841048281786937 0.8860558327464789 0.36995568041237115 0.8877515827464789 0.3677126529209622 0.8894473345070423 0.36761296219931267 0.8902952095070422 0.3605349621993127 0.8891480845070423 0.3598371305841924 0.8899959595070422 0.3211075068728522 0.8706444542253521 0.3206090549828179
0 0.8959809612676056 0.26383551374570446 0.8940857095070422 0.2855679673539519 0.9314919700704226 0.28815991065292096 0.933686471830986 0.26792281099656357 0.9434619735915493 0.26543055670103094 0.9558309771126762 0.2539661890034364 0.9574269788732395 0.23402815807560137 0.9591227288732393 0.23372908762886596 0.9613172288732394 0.21568517010309277 0.901267713028169 0.21498734020618557 0.8967789612676056 0.26303799312714776 0.8959809612676056 0.26383551374570446
0 0.8519911989436619 0.220869058419244 0.8511931971830986 0.220869058419244 0.8504949471830986 0.22316193127147768 0.8477019471830987 0.2538664982817869 0.8734374542253521 0.2567575137457045 0.8937864595070423 0.2587513161512027 0.8967789612676056 0.22754829896907217 0.8963799612676057 0.2274486082474227 0.8975769612676057 0.21468826975945016 0.8707442042253521 0.21438919931271477 0.8524899489436619 0.21498734020618557 0.8519911989436619 0.220869058419244
0 0.853986198943662 0.2567575137457045 0.851691948943662 0.2971320240549828 0.8536869489436619 0.29792954639175256 0.853786698943662 0.30381126460481095 0.8660559524647887 0.3046087869415808 0.8807192059859155 0.30640320962199313 0.8815172059859155 0.3006211804123711 0.8848089577464788 0.2998236597938144 0.8893974595070422 0.26423427491408935 0.8926892095070422 0.26453334536082473 0.8937864595070423 0.2587513161512027 0.853986198943662 0.2567575137457045
0 0.9013674630281691 0.20501832474226805 0.9092477147887325 0.20651367697594503 0.9101454647887324 0.20571615635738832 0.9165294665492958 0.20830809965635738 0.9447587253521128 0.21090004295532647 0.9457562253521127 0.20651367697594503 0.9589232288732396 0.20790933848797252 0.9647087306338028 0.17640725085910652 0.9682997306338028 0.17471251890034364 0.9684992323943662 0.16384629209621993 0.9632124806338028 0.16255031958762886 0.9631127306338029 0.15836333333333336 0.9651077306338028 0.15766550171821306 0.9655067306338029 0.15307975601374568 0.9403697235915492 0.15008905154639174 0.9119409647887324 0.14749710652920964 0.9096467147887325 0.14739741580756013 0.9091479647887323 0.15178378350515465 0.9073524647887324 0.1515844037800687 0.9013674630281691 0.20501832474226805
0 0.9096467147887325 0.14739741580756013 0.9119409647887324 0.14749710652920964 0.9403697235915492 0.15008905154639174 0.9655067306338029 0.15307975601374568 0.9665042306338029 0.15228223367697594 0.9682997306338028 0.13099838659793814 0.9684992323943662 0.11793897594501718 0.9456564753521127 0.1148485824742268 0.9105444647887324 0.11116004639175259 0.906155463028169 0.14530392268041237 0.9066043380281691 0.14535376804123712 0.906205338028169 0.14944106529209622 0.9093755933098592 0.1497818470790378 0.9096467147887325 0.14739741580756013
0 0.937576721830986 0.07940873367697594 0.9381752235915493 0.0826985085910653 0.9380754735915493 0.09994490378006873 0.9344844718309859 0.09974552405498283 0.9332411584507041 0.1135443470790378 0.9456564753521127 0.1148485824742268 0.9540371848591549 0.11598240721649485 0.954933227112676 0.10353374914089347 0.9685989823943661 0.10413189003436425 0.9683994806338028 0.05657968900343642 0.9385742235915492 0.05757658934707904 0.937576721830986 0.07940873367697594
0 0.9112427147887324 0.10552755326460482 0.8636619507042254 0.09844955154639175 0.8636619507042254 0.0998452147766323 0.8587742007042254 0.09964583333333334 0.8587742007042254 0.09825017182130585 0.8486994471830985 0.09765203092783505 0.8471034471830986 0.09785141065292095 0.8448091954225353 0.12167735738831614 0.8425149454225352 0.12197642783505154 0.8402206954225352 0.1347367680412371 0.8416171954225352 0.134936147766323 0.8402206954225352 0.15427603780068727 0.8627642007042253 0.15626984020618556 0.8865047077464788 0.15796457216494847 0.8871032077464789 0.15088657216494844 0.8938862095070422 0.15128533333333333 0.902963463028169 0.1529800652920962 0.905606838028169 0.15263114948453607 0.906205338028169 0.14944106529209622 0.9066043380281691 0.14535376804123712 0.906155463028169 0.14530392268041237 0.9105444647887324 0.11116004639175259 0.9112427147887324 0.10552755326460482
0 0.8420660704225352 0.17775306872852234 0.8401708204225352 0.20137963402061854 0.8573278239436619 0.20237653608247422 0.8575023873239437 0.20267560652920963 0.8891480845070423 0.20529247250859106 0.8902453345070422 0.20464448625429554 0.8939859595070422 0.20454479553264604 0.8953824612676057 0.20245130240549827 0.8955819612676057 0.19602128865979382 0.8967789612676056 0.1829120326460481 0.8973774612676056 0.1823138917525773 0.8973774612676056 0.17992132817869416 0.9000707112676056 0.18032008934707905 0.9004697112676057 0.17932318728522337 0.9032128380281691 0.17942287800687284 0.9036367746478873 0.17865028006872852 0.9046093380281689 0.16362198969072164 0.9004447746478873 0.1626998556701031 0.8433628204225352 0.1580144175257732 0.8420660704225352 0.17775306872852234
0 0.8295225035211268 0.13438785223367697 0.8236372517605633 0.13219466838487973 0.8094228732394366 0.1312476116838488 0.8080263732394366 0.1468491202749141 0.8064303732394367 0.14674943127147766 0.8051336214788732 0.15985868556701033 0.8067296232394366 0.1599583762886598 0.8010937464788732 0.219373706185567 0.8028892464788733 0.21957308591065292 0.8010438714788732 0.22002169243986255 0.8005949964788732 0.22246410137457046 0.8014678080985915 0.22567910824742266 0.8013181830985916 0.23485060309278352 0.8165799383802818 0.23614657388316151 0.8186746883802817 0.236993941580756 0.8204701883802816 0.23724316666666667 0.821417815140845 0.2367447147766323 0.8274526919014085 0.236993941580756 0.8330885669014084 0.2373428556701031 0.8334875686619718 0.2321091237113402 0.8341359436619719 0.21919924914089348 0.8360810686619718 0.19806493642611683 0.8375274436619718 0.17802721649484538 0.8385249436619718 0.1776284553264605 0.8402206954225352 0.15427603780068727 0.8416171954225352 0.134936147766323 0.8402206954225352 0.1347367680412371 0.8295225035211268 0.13438785223367697
0 0.8002832764084508 0.12967749140893473 0.7763432693661972 0.15031335395189002 0.7759442693661971 0.15779011512027494 0.7587872658450705 0.16736036941580756 0.7531015140845071 0.21202155841924397 0.7537997640845071 0.21341721993127147 0.7512062623239437 0.23754223711340205 0.7521040140845071 0.23843944845360826 0.7990862764084508 0.24262643470790377 0.7997845264084507 0.23609673024054983 0.8013181830985916 0.23485060309278352 0.8014678080985915 0.22567910824742266 0.8004578397887324 0.22557941752577318 0.8004453714788732 0.22418375601374568 0.7994977464788732 0.22413391065292093 0.8003206830985916 0.2168066855670103 0.8051336214788732 0.15985868556701033 0.8064303732394367 0.14674943127147766 0.8072533098591549 0.13705456357388315 0.808001434859155 0.13695487285223368 0.8084004348591549 0.13167129553264606 0.8002832764084508 0.12967749140893473
0 0.752004264084507 0.29645911683848797 0.7686126426056338 0.2968080326460481 0.7686625176056338 0.297755087628866 0.8087620299295775 0.29994827147766323 0.8133505316901408 0.26386043642611684 0.754248639084507 0.25907530927835054 0.752004264084507 0.29645911683848797
0 0.8087620299295775 0.29994827147766323 0.7686625176056338 0.297755087628866 0.7686126426056338 0.2968080326460481 0.752004264084507 0.29645911683848797 0.7520445176056338 0.29578862199312717 0.7490865757042253 0.2960105103092784 0.7489618873239436 0.29750586254295536 0.7502337007042253 0.29758063058419243 0.747390823943662 0.3368336288659794 0.7661438292253521 0.3379302199312715 0.7664929542253521 0.33832898109965637 0.7988618397887325 0.3405720085910653 0.8013057147887324 0.34221689690721646 0.8072907165492959 0.34246612199312715 0.8091360915492958 0.3182414140893471 0.8099839665492958 0.3015433144329897 0.8087620299295775 0.29994827147766323
0 0.7499344507042254 0.3433134879725086 0.7480391989436619 0.34326364261168385 0.747939448943662 0.36160663058419246 0.7493858257042253 0.3614570962199313 0.7650964542253521 0.3635007439862543 0.7650964542253521 0.3626035326460481 0.7679393309859155 0.36325151890034363 0.7679892059859155 0.3648964054982818 0.8056448415492957 0.367089589347079 0.8073405915492958 0.3453571357388316 0.7983630897887324 0.34346302233676973 0.7732260809859155 0.3418679810996563 0.7699343309859155 0.3402729381443299 0.7664929542253521 0.33832898109965637 0.7661438292253521 0.3379302199312715 0.7504548116197183 0.33701279553264607 0.7499344507042254 0.3433134879725086
0 0.744498073943662 0.4009343951890034 0.744049198943662 0.40935821305841924 0.7661438292253521 0.41090341065292096 0.7685378309859155 0.4105046494845361 0.7710814559859155 0.41195015807560137 0.7811063345070423 0.412199383161512 0.7821038345070422 0.39923966323024057 0.7836998345070423 0.3687344759450172 0.746193823943662 0.36803664604811 0.744498073943662 0.4009343951890034
0 0.7821038345070422 0.39923966323024057 0.7818554859154929 0.40246625257731955 0.7821911161971832 0.4025294381443299 0.7821038345070422 0.4055076821305842 0.7902833362676057 0.4053207628865979 0.7902334612676056 0.40616812886597936 0.8033505897887324 0.40641735395189005 0.8041485915492957 0.40512138144329896 0.8088368415492958 0.4058192130584192 0.8112308433098592 0.37072828006872854 0.7836998345070423 0.3687344759450172 0.7821038345070422 0.39923966323024057
0 0.8297968169014085 0.4930854793814433 0.8279015669014085 0.49278640893470793 0.8278018169014085 0.48042482989690727 0.8115425616197183 0.4809232817869416 0.8110438116197183 0.49677401546391753 0.8113430616197183 0.5140702577319588 0.8121410616197183 0.5143194828178694 0.8130388116197182 0.5591800498281787 0.8273030669014084 0.5586815996563574 0.8274028169014085 0.56436393814433 0.852839073943662 0.5639651786941581 0.8707940792253521 0.5635664175257732 0.8791730809859155 0.5631676563573883 0.8804698309859155 0.5622704450171822 0.8898463345070423 0.5610741632302405 0.8915420845070422 0.5561893453608248 0.8921405845070423 0.5262823006872852 0.8924398345070422 0.5142197920962199 0.875083329225352 0.5141201013745704 0.8744848292253521 0.4920885790378007 0.8707940792253521 0.4911913676975945 0.8689985774647887 0.46507254639175255 0.8444600704225352 0.46596975945017177 0.8373778186619718 0.4655709982817869 0.8296970669014085 0.46706635051546386 0.8297968169014085 0.4930854793814433
0 0.8278018169014085 0.5683515446735395 0.8106946866197183 0.6214863951890034 0.8345349436619719 0.6288634673539519 0.8316421919014084 0.6380349604810996 0.8338366936619718 0.6433185395189003 0.855881448943662 0.6499977783505154 0.857078448943662 0.6469073848797251 0.8710434542253521 0.6515928213058418 0.8753327042253521 0.6386331013745704 0.8776269559859156 0.6388823264604812 0.8890483345070422 0.603492323024055 0.8717915792253521 0.5960155618556701 0.8862553327464789 0.5997539432989691 0.8867042077464788 0.599006266323024 0.891682786971831 0.6005188814432989 0.8979759612676056 0.5795542250859107 0.8971779612676056 0.5781585635738832 0.8813177059859155 0.5723391512027491 0.8793227059859154 0.5729372920962199 0.8488490721830986 0.5671552628865979 0.8278018169014085 0.5683515446735395
0 0.8055076848591549 0.6160034364261169 0.803412934859155 0.6140096340206186 0.7945351813380281 0.6138102542955327 0.7931386813380281 0.6147074656357389 0.7908444313380282 0.6264709037800688 0.7908444313380282 0.6324523127147766 0.7913930563380281 0.6325270807560137 0.783238491197183 0.6816244793814433 0.7839367411971832 0.6823223109965636 0.8095724982394366 0.6871572835051547 0.8197470017605634 0.6880544948453609 0.8199465017605634 0.690247678694158 0.8495722605633803 0.6954315652920963 0.8537118855633803 0.6953817199312714 0.8547093855633803 0.6894003109965635 0.8508690105633803 0.6883037199312715 0.8521158855633802 0.6765901271477663 0.8564051373239436 0.6552564347079037 0.8587095352112676 0.6474546340206185 0.857078448943662 0.6469073848797251 0.855881448943662 0.6499977783505154 0.8338366936619718 0.6433185395189003 0.8316421919014084 0.6380349604810996 0.8345349436619719 0.6288634673539519 0.8106946866197183 0.6214863951890034 0.8121906672535211 0.6168398694158076 0.8055076848591549 0.6160034364261169
0 0.7492486690140845 0.7255006082474227 0.7525902940140845 0.7247529312714777 0.7525902940140845 0.7226220549828178 0.7702460492957747 0.7246158573883161 0.7887496795774648 0.629411762886598 0.7859068045774648 0.6288634673539519 0.7716924242957747 0.6279662560137457 0.7459569172535211 0.6278167199312715 0.7457075422535212 0.6291126924398626 0.744727088028169 0.6304175515463917 0.7401215404929578 0.6280161013745705 0.7396227904929578 0.6273182697594503 0.7299969137323943 0.6272185790378008 0.7299470387323943 0.6261219879725086 0.723812411971831 0.6252746219931271 0.723862286971831 0.6268198195876289 0.7139870334507042 0.6254740017182131 0.7130643450704226 0.6313307989690722 0.7115431584507043 0.6312809536082474 0.7031890933098591 0.681126029209622 0.7053835933098591 0.6813752542955327 0.7018923433098592 0.7029083264604811 0.7089745950704225 0.703506467353952 0.7061815933098592 0.7212513144329896 0.7254333485915493 0.7222482164948454 0.7457075422535212 0.7252015378006873 0.7492486690140845 0.7255006082474227
0 0.7218672852112676 0.6017975910652921 0.7196727852112675 0.6167511134020618 0.7514930440140846 0.621735620274914 0.7608695475352113 0.62343035395189 0.7874030545774647 0.6267201288659794 0.7912933063380281 0.6063833367697594 0.7926898063380282 0.5899344621993127 0.7935875563380281 0.5872428281786942 0.7953830563380282 0.5718905446735395 0.7930888063380281 0.5714917852233677 0.7916923063380282 0.5657097560137457 0.7662560492957746 0.565111615120275 0.7652585475352113 0.5716911649484536 0.7581762957746478 0.5707939536082475 0.7577772957746479 0.5680026288659794 0.7412187922535212 0.5676038676975945 0.7405205404929577 0.5701958127147767 0.726655286971831 0.5686007697594502 0.7218672852112676 0.6017975910652921
0 0.6030650017605634 0.5789685463917525 0.5870052464788732 0.5795666872852234 0.5855089964788733 0.603492323024055 0.6015687517605635 0.6039907731958762 0.598277 0.6727769793814433 0.6357830105633803 0.6741726408934707 0.6361820105633803 0.6698859639175258 0.659894661971831 0.6705653728522337 0.6597934788732395 0.6732956958762887 0.6852917975352113 0.6738013109965635 0.6866071866197183 0.6753181563573883 0.6876190246478874 0.6752170326460482 0.6902498045774648 0.6735990635738831 0.697231485915493 0.6362846512027491 0.7010764718309859 0.6168690223367698 0.7056297429577464 0.6157566683848797 0.7056803345070423 0.614290383161512 0.7067933556338027 0.6139364536082474 0.707855786971831 0.5751557560137457 0.6882261285211267 0.574751262886598 0.6869107376760564 0.5830433556701031 0.6690012042253521 0.5815265085910652 0.6686976531690141 0.5779872010309278 0.6047494876760563 0.5743467714776632 0.6036635017605634 0.5751803195876289 0.6030650017605634 0.5789685463917525
0 0.6485620757042254 0.5293470051546392 0.648966809859155 0.5295492508591065 0.6488656267605634 0.5607962800687285 0.7097782781690141 0.561605264604811 0.712206690140845 0.5228751288659794 0.7100818309859155 0.5170099914089347 0.7100818309859155 0.5069988058419244 0.695916096830986 0.5066954381443299 0.6954101778169014 0.5052797147766322 0.6490679947183098 0.5043696065292096 0.6485620757042254 0.5293470051546392
0 0.6297418873239436 0.5032572525773196 0.6294383362676057 0.5025493917525773 0.5997914806338028 0.5021448986254295 0.5997914806338028 0.5027516374570447 0.5852210123239436 0.5034595 0.5848162764084507 0.514987529209622 0.5843103573943662 0.5337964209621993 0.5848162764084507 0.5583693264604811 0.6439076197183099 0.5603917869415808 0.6446159066901409 0.5041673608247423 0.6297418873239436 0.5032572525773196
0 0.5632641267605634 0.5027516374570447 0.562960573943662 0.49860559106529206 0.5350338433098591 0.49789773024054984 0.5353373943661972 0.5015381615120276 0.51874325 0.5021448986254295 0.5183385158450704 0.5127628213058419 0.5172254929577466 0.5568524793814433 0.5777334102112677 0.5585715721649485 0.5795547183098592 0.5186279604810997 0.5831973362676056 0.5187290824742268 0.5838044383802817 0.5026505154639175 0.5632641267605634 0.5027516374570447
0 0.518229008802817 0.5171006993127147 0.5183385158450704 0.5127628213058419 0.51874325 0.5021448986254295 0.5176302288732394 0.5006280532646048 0.49759583450704226 0.4995156993127148 0.47482947887323945 0.4977966065292096 0.46835371478873233 0.4995156993127148 0.4489264242957746 0.4982010996563574 0.4490276073943662 0.5128639450171821 0.45186075352112676 0.5130661907216494 0.4520631214788733 0.5574592182130584 0.4586400686619719 0.5581670807560138 0.4594495404929577 0.5552345103092783 0.4743235598591549 0.5558412491408935 0.47452592781690145 0.5586726958762886 0.5121663028169015 0.5587738178694158 0.5131781408450704 0.517212237113402 0.518229008802817 0.5171006993127147
0 0.36079532746478876 0.4263025962199313 0.3577598133802817 0.4592687182130584 0.387507852112676 0.4618979175257732 0.3856865440140845 0.47585290034364264 0.441337639084507 0.48192028522336766 0.46683595774647885 0.4839427474226804 0.46805016373239433 0.4712012405498282 0.4862632482394366 0.4744371786941581 0.49132243838028167 0.46938102405498283 0.49719110035211267 0.44086431958762884 0.5056905404929578 0.4070892130584193 0.36524741549295775 0.39252749140893467 0.36079532746478876 0.4263025962199313
0 0.5191479859154929 0.4097184140893471 0.5206657429577465 0.4097184140893471 0.5115592007042253 0.4442013797250859 0.5105473626760564 0.4442013797250859 0.5074106637323943 0.4572462560137457 0.5087260545774648 0.45815636426116835 0.5054881725352113 0.4736281941580756 0.5094343397887323 0.4745383006872852 0.5099402588028169 0.47342594673539523 0.529974653169014 0.47706637800687285 0.5326054330985915 0.4625046563573883 0.5369563362676056 0.4623024089347079 0.5383729102112677 0.4569428865979382 0.5479853714788733 0.4572462560137457 0.5527410105633802 0.4571451323024055 0.5622522887323944 0.41315659793814435 0.5517291725352113 0.41163975085910653 0.5524374577464789 0.40678584364261167 0.5219811320422535 0.39990947594501713 0.5191479859154929 0.4097184140893471
0 0.5527410105633802 0.4571451323024055 0.5512232535211268 0.4664484553264605 0.5737872411971832 0.4712012405498282 0.5746978961267606 0.4672574398625429 0.5880541584507043 0.4696843934707904 0.5982737235915493 0.4213475670103093 0.5622522887323944 0.41315659793814435 0.5527410105633802 0.4571451323024055
0 0.608493286971831 0.47666188487972505 0.6776018274647887 0.48060568556701033 0.6773994612676056 0.4583586099656357 0.6599958450704225 0.4553249175257732 0.6608053169014084 0.4379317491408935 0.6626266249999999 0.43833624226804124 0.6626266249999999 0.44238116494845364 0.6739592112676056 0.4439991340206185 0.6739592112676056 0.41750489003436425 0.6357117323943662 0.4185161202749141 0.6334856883802816 0.41568467525773195 0.6108205158450705 0.41275210481099656 0.608493286971831 0.47666188487972505
0 0.6927793996478873 0.31739304982817873 0.6928805827464789 0.38342641580756015 0.7181765352112676 0.3832241683848797 0.741448809859155 0.3827185532646048 0.7404369718309859 0.31678631271477664 0.7166587781690141 0.31820203436426114 0.6927793996478873 0.31739304982817873
0 0.7149386531690141 0.3094043281786942 0.7175694313380282 0.30879758934707907 0.7190871883802817 0.2948426065292096 0.7168611461267606 0.2924156529209622 0.7174682482394367 0.27573034536082475 0.6911604577464788 0.27249440721649487 0.6838752235915493 0.2698652079037801 0.6342951584507043 0.26541579209621996 0.6328785845070423 0.26784274570446737 0.6301466232394366 0.28715725257731955 0.6280217623239437 0.31142678865979384 0.6851906144366197 0.3166851890034364 0.6849882464788732 0.31496609621993127 0.7140279982394366 0.3159773281786942 0.7149386531690141 0.3094043281786942
0 0.61810575 0.384993823024055 0.6184598926056337 0.38524663058419245 0.617397463028169 0.39025222164948453 0.6182069330985916 0.39045446907216497 0.6170433186619719 0.3966735378006873 0.638797838028169 0.4002634054982818 0.6391013890845071 0.4015274450171821 0.6496750968309859 0.40395439862542953 0.656454411971831 0.36153326975945016 0.6230637552816901 0.3563254329896907 0.61810575 0.384993823024055
0 0.5665020070422535 0.3395895635738832 0.5548658697183099 0.39722971477663227 0.5554729735915492 0.39854431443298965 0.5537528485915493 0.4052184364261168 0.579655903169014 0.4100723436426117 0.5958453116197183 0.41452175945017183 0.6086956549295774 0.34697154810996567 0.5665020070422535 0.3395895635738832
0 0.6232661232394366 0.30146616666666665 0.6213436320422535 0.30015156701030926 0.6286288661971831 0.2695112766323024 0.6245815123239437 0.26860116838487974 0.6211412640845071 0.2713314914089347 0.5651866179577465 0.25858998453608245 0.5596215088028169 0.2854887216494845 0.5580025686619718 0.2853875996563574 0.5505149665492958 0.31693799656357385 0.5482889225352113 0.31693799656357385 0.5467711654929577 0.32290425773195874 0.5491995774647888 0.323612118556701 0.5471759014084506 0.33412891924398624 0.617296278169014 0.34828614776632305 0.6232661232394366 0.30146616666666665
0 0.6211412640845071 0.2713314914089347 0.6245815123239437 0.26860116838487974 0.6336880563380282 0.23391595704467352 0.6040412007042253 0.2266350945017182 0.5837032552816902 0.22228680240549825 0.578947616197183 0.2398822182130584 0.5693351549295774 0.23806200171821307 0.5654901690140846 0.25717426288659795 0.6211412640845071 0.2713314914089347
0 0.6511928538732394 0.21763514261168385 0.6491691778169014 0.21793851202749143 0.6461336637323943 0.2238036494845361 0.6948030757042254 0.23856761683848796 0.6969279348591549 0.23856761683848796 0.704010801056338 0.2404889553264605 0.7138256302816902 0.20914080412371133 0.7261700563380281 0.212781235395189 0.7298126725352112 0.20347791237113402 0.7398298697183099 0.16484889862542956 0.7015823908450705 0.1567590532646048 0.6882261285211267 0.13228727147766323 0.6756793362676057 0.12986031786941582 0.6511928538732394 0.21763514261168385
0 0.5977678045774647 0.09750093470790379 0.5893695475352113 0.1419950859106529 0.5897742834507042 0.14219733161512027 0.5886612623239437 0.14684899312714778 0.609606309859155 0.1521073934707904 0.609909860915493 0.15342199312714777 0.6606029489436619 0.16586013058419244 0.662930176056338 0.15584894673539518 0.6657633221830986 0.15645568384879727 0.6702154102112675 0.13653443986254296 0.6752746003521126 0.11196153436426118 0.5977678045774647 0.09750093470790379
0 0.5873205757042254 0.1473798883161512 0.5734330985915492 0.20453970446735395 0.5951876179577466 0.21040484192439862 0.5934674929577465 0.21576436597938145 0.6136030704225353 0.22132613402061857 0.6131983345070422 0.22355084192439864 0.6185104841549296 0.22491600343642612 0.6184598926056337 0.22572498797250856 0.6308549084507042 0.2283541872852234 0.6308549084507042 0.2290114879725086 0.6453241936619719 0.23194405670103094 0.6475953239436619 0.2242470463917526 0.6461336637323943 0.2238036494845361 0.6491691778169014 0.21793851202749143 0.6495233221830985 0.21657335051546392 0.6506363433098592 0.2165227886597938 0.6621207059859155 0.16596125257731958 0.6606029489436619 0.16586013058419244 0.609909860915493 0.15342199312714777 0.609606309859155 0.1521073934707904 0.5886612623239437 0.14684899312714778 0.5873205757042254 0.1473798883161512
0 0.6775512359154929 0.07854035910652922 0.6921217042253521 0.08025945189003438 0.7000140422535212 0.07955158934707904 0.7031507394366197 0.05922585223367697 0.6804855669014085 0.05639440721649484 0.6775512359154929 0.07854035910652922
0 0.5977678045774647 0.09750093470790379 0.6006009507042254 0.09092793470790378 0.6027258116197183 0.09042231958762886 0.6042435686619718 0.08293921305841925 0.6063684278169014 0.08253471993127148 0.607481448943662 0.06898422852233677 0.5982737235915493 0.06807412199312714 0.5792511672535211 0.046939400343642614 0.577531042253521 0.03551249312714777 0.564377147887324 0.03541136941580756 0.561240448943662 0.046636030927835054 0.5479853714788733 0.04562480068728522 0.5258261179577465 0.04511918384879725 0.525320198943662 0.04805175429553265 0.5236000739436619 0.049467475945017186 0.5232965228873239 0.05786069072164949 0.5082201355633803 0.057355075601374574 0.5013396355633803 0.05725395360824742 0.5013396355633803 0.07950102920962199 0.5222846848591549 0.08081562886597937 0.5221329084507041 0.08420325085910653 0.5230435633802817 0.09370881958762886 0.5675644383802817 0.09714700343642611 0.5678679894366196 0.09876497250859106 0.5971681021126761 0.10067816838487972 0.5977678045774647 0.09750093470790379
0 0.5483901056338029 0.035108 0.5067023785211268 0.03500687800687285 0.5060952746478873 0.04188324570446735 0.525522565140845 0.04289447766323024 0.5479853714788733 0.04390570790378007 0.5483901056338029 0.035108
0 0.5077648080985916 0.11054581099656356 0.505538764084507 0.11095030240549829 0.503515088028169 0.12591651718213057 0.5005807570422536 0.14027599312714778 0.502199698943662 0.14108497766323025 0.5004795739436619 0.1536242388316151 0.5165677992957747 0.15526748797250858 0.5178325968309859 0.14343608934707905 0.5239036250000001 0.14459900515463917 0.5221329084507041 0.1572393883161512 0.5201092323943662 0.1572393883161512 0.5190468028169014 0.1580989347079038 0.5170737183098592 0.17518873367697596 0.5196033133802817 0.17599771821305843 0.5187685475352113 0.17915781443298967 0.5167701672535212 0.18125611683848797 0.515985991197183 0.19002854467353952 0.5280521602112677 0.1907364054982818 0.5354891707746479 0.1622702611683849 0.5636182693661972 0.17137133676975946 0.5677668045774648 0.1697533676975945 0.5709540950704225 0.1470512388316151 0.5729777711267605 0.14700067697594502 0.5746473045774648 0.13795016323024056 0.588205934859155 0.1422478934707904 0.5893695475352113 0.1419950859106529 0.591848551056338 0.11767498797250858 0.5923544700704225 0.11155704123711341 0.5722188926056339 0.10665257216494844 0.543583875 0.10240540378006872 0.5211210704225352 0.09871441237113403 0.5116097922535211 0.09911890378006873 0.5077648080985916 0.11054581099656356
0 0.5204127834507043 0.24478668556701028 0.5177820052816902 0.2444833178694158 0.5115086091549296 0.2556068556701031 0.5106991373239437 0.26104221993127147 0.48945053873239436 0.25861526632302406 0.48747745422535216 0.26887925773195875 0.48636443309859156 0.26870229209621993 0.48327832570422535 0.2876881494845361 0.48606088028169014 0.2882443264604811 0.4810522834507043 0.3136767783505155 0.5039198221830985 0.3179745085910653 0.503515088028169 0.3190868625429553 0.518844434859155 0.32242392268041237 0.5385752764084507 0.3275306391752577 0.5431791408450705 0.3281879381443299 0.5468217570422536 0.3097329776632302 0.5515268045774648 0.293704970790378 0.552488051056338 0.29380609450171824 0.5565354031690141 0.27479495704467355 0.5590649982394367 0.26175008075601375 0.5614428169014084 0.25330630584192443 0.5608863063380282 0.25209282817869416 0.5507173345070423 0.2466321821305842 0.521475213028169 0.24104513230240548 0.5204127834507043 0.24478668556701028
0 0.47776380809859154 0.34325527491408936 0.47245165845070425 0.36691807388316156 0.477257889084507 0.3686371666666667 0.47584131690140846 0.3747551116838488 0.4754365809859155 0.37662588831615124 0.47442474295774645 0.37687869587628864 0.4716421883802817 0.38860897250859106 0.4722492904929577 0.3889123419243986 0.47133863732394365 0.3928055807560138 0.4722492904929577 0.39518197250859105 0.5029585774647888 0.4031201340206185 0.5104714753521127 0.4020077800687285 0.5134563961267605 0.39073255670103096 0.5423443732394366 0.3984179106529209 0.5473529718309859 0.39937857903780066 0.5521086109154929 0.38117642783505157 0.5538793274647887 0.38117642783505157 0.5634411971830986 0.33921035223367696 0.5465940933098591 0.3351654295532646 0.546417022887324 0.33286487972508594 0.48363247007042254 0.3184801237113402 0.47776380809859154 0.34325527491408936