0 0.08720092253521126 0.122711706185567 0.08602533978873239 0.122711706185567 0.09743829049295774 0.1842948505154639 0.10018131690140845 0.1842948505154639 0.10145486443661972 0.19574990378006873 0.12594617429577465 0.19359596219931272 0.14318805633802817 0.19291061683848798 0.1448534647887324 0.19163783333333334 0.14328602112676056 0.1798890618556701 0.14436363908450706 0.17959534192439863 0.14519634330985917 0.1777840738831615 0.137604036971831 0.1307400326460481 0.13432220246478874 0.13044631443298968 0.13319560211267606 0.11703313230240549 0.12506448767605635 0.11717999140893472 0.12496652112676057 0.11497709793814431 0.12207654753521126 0.11497709793814431 0.12075401760563381 0.10332623195876288 0.08543754929577466 0.10792783505154639 0.08720092253521126 0.122711706185567
0 0.11781505985915493 0.262032558419244 0.13456711443661973 0.259878616838488 0.13662438556338027 0.25831211340206184 0.15073137852112678 0.25566863917525773 0.14553922183098592 0.2211076701030928 0.12947292253521128 0.22345742439862543 0.1272197218309859 0.2252197388316151 0.11291679753521126 0.22717786769759452 0.11781505985915493 0.262032558419244
0 0.05599899471830986 0.2380454828178694 0.06119115316901408 0.27006088487972507 0.06452197007042254 0.26976716666666667 0.0649138309859155 0.2716273883161512 0.09312782042253522 0.2661446271477663 0.08764176584507043 0.23393341237113402 0.05599899471830986 0.2380454828178694
0 0.029450415492957745 0.27975362199312714 0.0224948838028169 0.2818096563573883 0.024846049295774646 0.2978663109965636 0.02798093661971831 0.31313971477663227 0.04404723591549296 0.30971298969072164 0.04492892429577464 0.31460831099656356 0.04767195070422535 0.31382506013745703 0.04855363732394366 0.32283245189003434 0.10204265669014084 0.31313971477663227 0.1024345176056338 0.31656643986254296 0.11605168485915492 0.3155873762886598 0.11634558098591549 0.3135313402061856 0.12183163380281689 0.3130418092783505 0.12290925176056337 0.31216065120274916 0.11321069366197183 0.26438231271477663 0.09332375000000001 0.2681027560137457 0.029450415492957745 0.27975362199312714
0 0 0.28481762371134023 0.019653892605633803 0.281418030927835 0.042969617957746474 0.27554364604810994 0.03238937323943662 0.22590508419243985 0.030283119718309857 0.22590508419243985 0.027687042253521126 0.2124919037800687 0 0.2176992525773196 0 0.28481762371134023
0 0.21176372183098593 0.19584780927835052 0.21352709683098592 0.2122960910652921 0.22920153345070424 0.22267417182130586 0.27446147359154927 0.22081395017182132 0.2810251443661972 0.21993279209621994 0.2845518926056338 0.21660397422680414 0.28367020598591547 0.1889943591065292 0.22783002112676057 0.1947708384879725 0.21176372183098593 0.19584780927835052
0 0.34127376408450705 0.22326161168384878 0.3392164947183099 0.22326161168384878 0.34137173063380283 0.2496963470790378 0.3403920774647887 0.2513607560137457 0.3425473133802817 0.31441249828178697 0.377912764084507 0.3119648384879725 0.377912764084507 0.30530720103092784 0.4296384084507042 0.30374069759450173 0.4307160264084507 0.3024679140893471 0.45344396126760567 0.30168466323024057 0.4611832147887324 0.30119513058419245 0.4594198397887324 0.2790682766323024 0.4614771109154929 0.26878810137457043 0.4594198397887324 0.2438219621993127 0.46128117957746473 0.24274499140893468 0.45853815316901414 0.21004424226804125 0.34097986971830985 0.21611444158075602 0.34127376408450705 0.22326161168384878
0 0.6660285246478873 0.3461341821305842 0.6981611232394366 0.3553373865979381 0.7009041496478874 0.348973469072165 0.6967896091549296 0.3477985910652921 0.7035492112676056 0.3257696443298969 0.698650948943662 0.3246926735395189 0.6987489137323943 0.3209722302405498 0.675923014084507 0.31470621821305844 0.6660285246478873 0.3461341821305842
0 0.8092537007042253 0.3902899828178694 0.8357043151408451 0.40575919931271476 0.8495174137323944 0.3759956443298969 0.8441293257042254 0.3729605446735395 0.8457947341549296 0.3688484742268041 0.8236545915492958 0.36150549140893473 0.8092537007042253 0.3902899828178694
0 0.9349431003521127 0.41799750343642617 0.9312204207746478 0.4171163453608247 0.923481167253521 0.43542484879725085 0.9199544190140846 0.434249970790378 0.9163297042253521 0.4408097010309278 0.9142724348591549 0.450991970790378 0.9080026602112675 0.4613700515463918 0.9038881197183098 0.46920256701030927 0.9170154612676056 0.47752461340206187 0.9209340704225352 0.47752461340206187 0.9296529771126761 0.4605868006872852 0.9305346637323944 0.45471241580756017 0.9311224559859156 0.45471241580756017 0.9323960035211266 0.4528521924398626 0.9468948591549295 0.45941192439862544 0.9573771390845071 0.4409076082474227 0.9559076602112676 0.4399285446735395 0.9654102887323943 0.41368962027491407 0.9398413609154929 0.40585710481099657 0.9349431003521127 0.41799750343642617
0 0.9412128750000001 0.470964883161512 0.9531646338028169 0.4778183333333333 0.9545361478873239 0.4773288006872852 0.9553198697183097 0.47928692955326463 0.9680553503521128 0.48643409965635737 0.9690350017605633 0.44854430927835054 0.9584547570422535 0.4422782989690722 0.9412128750000001 0.470964883161512
0 0.9481684066901409 0.5683817817869417 0.9489521285211268 0.5688713144329897 0.9355308908450704 0.598928589347079 0.9647245316901408 0.6123417697594501 0.9684472112676057 0.604900881443299 0.9683492464788733 0.5506607182130584 0.957769 0.5460591151202749 0.9481684066901409 0.5683817817869417
0 0.8707758697183098 0.5615283316151203 0.8968346232394366 0.5768996408934708 0.9007532323943662 0.5751373264604811 0.9163297042253521 0.5507586237113402 0.9191706971830987 0.5442968006872851 0.9101578943661972 0.5387161340206185 0.9176032535211268 0.5237364484536082 0.8985000316901409 0.5151206838487972 0.8707758697183098 0.5615283316151203
0 0.6776863873239436 0.8568141288659794 0.6753352218309858 0.8621989828178694 0.6704369612676057 0.8704231237113402 0.6649509066901409 0.8832488659793815 0.6708288221830986 0.8853049003436425 0.6672041073943662 0.8957808883161512 0.676314875 0.8993055206185566 0.6910096602112676 0.861905264604811 0.6776863873239436 0.8568141288659794
0 0.676314875 0.8993055206185566 0.6752372570422536 0.9028301529209621 0.6760209788732394 0.9034175910652921 0.6724942306338028 0.912131262886598 0.6786660404929578 0.9151663625429552 0.6787640052816901 0.9162433333333333 0.6998265316901409 0.9233905034364261 0.7031573503521127 0.9142852044673538 0.7021776971830985 0.9137956718213058 0.7185378926056338 0.8720875326460481 0.6910096602112676 0.861905264604811 0.676314875 0.8993055206185566
0 0.7021776971830985 0.9137956718213058 0.7031573503521127 0.9142852044673538 0.6998265316901409 0.9233905034364261 0.7551279084507042 0.9447341048109965 0.7748189207746479 0.8925499776632302 0.719223647887324 0.8706678900343642 0.7185378926056338 0.8720875326460481 0.7021776971830985 0.9137956718213058
0 0.7551279084507042 0.9447341048109965 0.811164022887324 0.9669588642611683 0.9459641883802816 0.9667630515463919 0.9479234929577464 0.9622593556701031 0.9407720316901409 0.9587347250859106 0.9412618573943663 0.9573640343642612 0.8977652922535211 0.9405241288659794 0.8978632570422536 0.9418948178694158 0.892377204225352 0.9401325034364261 0.8927690651408451 0.9383701872852234 0.7743374612676056 0.8938259140893471 0.7551279084507042 0.9447341048109965
0 0.74993575 0.9672525841924399 0.7811866602112676 0.9669588642611683 0.7559116302816901 0.9571682216494846 0.74993575 0.9672525841924399
0 0.666763264084507 0.9185930876288659 0.643447536971831 0.9665672388316152 0.6892952693661972 0.9667630515463919 0.697426383802817 0.946692233676976 0.6953691126760563 0.9459089828178695 0.7003653397887324 0.9350413676975945 0.666763264084507 0.9185930876288659
0 0.4736737816901409 0.8876546546391753 0.4642201373239436 0.8814865498281786 0.4629955721830986 0.8815844570446735 0.44134525352112675 0.869199293814433 0.4352714102112676 0.8668984914089347 0.4261606426056338 0.88236770790378 0.4182744401408451 0.87757029209622 0.40774317781690145 0.8971026254295533 0.42307473767605636 0.9057673453608248 0.4732329383802817 0.9346497422680412 0.4984100052816901 0.8953892628865978 0.47602494894366204 0.8842279295532647 0.4736737816901409 0.8876546546391753
0 0.4607164084507042 0.9274423986254295 0.42307473767605636 0.9057673453608248 0.4207235721830986 0.9075296615120275 0.4106331531690141 0.9036134037800687 0.398093602112676 0.9279921048109966 0.398093602112676 0.9300481408934708 0.4077921602112676 0.9353350876288659 0.3924116179577465 0.9662735206185566 0.4574605352112676 0.9670567714776632 0.4730370088028169 0.938566 0.45902797887323943 0.9307334845360824 0.4607164084507042 0.9274423986254295
0 0.437377661971831 0.8299877663230241 0.44776197711267607 0.8346872766323025 0.44041458450704224 0.8517229948453608 0.466865198943662 0.8629822353951889 0.4644160669014084 0.8679754621993128 0.47362479929577467 0.871598 0.471861426056338 0.8761016958762886 0.4932178468309859 0.8853049003436425 0.5125169982394365 0.8415407268041237 0.4958629084507042 0.8346872766323025 0.4960588397887324 0.8335123986254296 0.48214777464788733 0.8277359192439863 0.48146201936619715 0.8282254518900344 0.45246430809859156 0.815987147766323 0.4521214295774648 0.8140290189003436 0.4469782552816901 0.8122667027491409 0.437377661971831 0.8299877663230241
0 0.3827620422535211 0.7774120137457045 0.39441990492957746 0.7778036391752577 0.39363618309859155 0.7892586907216496 0.4265525035211268 0.7908251941580756 0.4279240176056338 0.7794680481099656 0.43037314788732395 0.7755517903780069 0.4308629735915493 0.7526416855670103 0.43017721654929575 0.7521521546391752 0.4307650088028169 0.7341373711340206 0.402257125 0.731787616838488 0.3859948961267606 0.7316897096219931 0.3827620422535211 0.7774120137457045
0 0.5336285070422535 0.5616262388316151 0.532550889084507 0.567108998281787 0.5300037940140845 0.5716126941580756 0.5297098978873239 0.5739624484536083 0.5270648362676056 0.5734729158075601 0.5151130774647887 0.6140061786941581 0.5189337218309859 0.6152789621993127 0.5148191813380282 0.6273214536082474 0.5308854806338028 0.6317272439862543 0.526085184859155 0.6474901786941581 0.5385267693661971 0.6499378402061856 0.5371552552816901 0.654539441580756 0.545874161971831 0.6567912903780069 0.5456782306338028 0.6585536048109966 0.5522419031690141 0.6598263883161511 0.5530256250000001 0.6584556993127149 0.5545930686619719 0.6582598865979382 0.5568462676056338 0.6489587749140894 0.559491329225352 0.649644120274914 0.5658590704225352 0.6219365996563574 0.5667407570422535 0.620468003436426 0.5759494894366197 0.5867881907216494 0.5546910334507043 0.5809138058419244 0.5556706848591549 0.5668152783505154 0.5351959507042254 0.5588848573883162 0.5336285070422535 0.5616262388316151
0 0.3326038415492958 0.5929562955326461 0.3310363978873239 0.5929562955326461 0.330252676056338 0.634566529209622 0.3553317764084507 0.6348602491408936 0.37130010915492956 0.6356435 0.3717899366197183 0.6307481786941581 0.37854953697183097 0.6231114776632302 0.37943122535211266 0.6120480498281787 0.38462338204225355 0.6087192319587629 0.3847213468309859 0.605390412371134 0.37737395422535214 0.5964809278350516 0.3623852728873239 0.5934458281786942 0.3618954471830986 0.5735708230240549 0.33309366725352113 0.5731791975945016 0.3326038415492958 0.5929562955326461
0 0.2382633186619718 0.5938374536082475 0.23454063908450706 0.602746939862543 0.23385488204225355 0.6123417697594501 0.27304097711267605 0.6111668917525773 0.27382469894366196 0.6118522371134021 0.2837191883802817 0.6115585189003436 0.28499273591549296 0.6109710790378007 0.2923401285211268 0.6111668917525773 0.2918503028169014 0.5921730446735396 0.2937116426056338 0.5920751391752578 0.29331978169014084 0.5845363436426116 0.2911645457746479 0.5845363436426116 0.29087064964788734 0.5768996408934708 0.28499273591549296 0.5771933608247423 0.28518866725352116 0.5727875721649485 0.27862499647887323 0.5725917577319588 0.2779392394366197 0.5667173728522337 0.2668691672535211 0.5664236529209622 0.26706509859154925 0.5709273487972508 0.23904704049295775 0.5736687285223367 0.2382633186619718 0.5938374536082475
0 0.2423778573943662 0.6464132079037801 0.28322936267605636 0.6402451030927836 0.28959710211267603 0.6389723195876289 0.29057675528169014 0.6389723195876289 0.29331978169014084 0.6280067989690722 0.2936136778169014 0.6109710790378007 0.2923401285211268 0.6111668917525773 0.28499273591549296 0.6109710790378007 0.2837191883802817 0.6115585189003436 0.27382469894366196 0.6118522371134021 0.27304097711267605 0.6111668917525773 0.24088148239436621 0.6121310979381442 0.2423778573943662 0.6464132079037801
0 0.2694078890845071 0.6423319862542956 0.2423778573943662 0.6464132079037801 0.23037711619718307 0.6481755240549828 0.23365895246478874 0.6718688797250859 0.23772450880281693 0.6949747972508591 0.2383612834507042 0.6949258453608248 0.23997770950704228 0.7097097164948454 0.27108167253521126 0.7063808969072165 0.2719633591549296 0.6907158676975945 0.27421655985915494 0.6904221494845361 0.2694078890845071 0.6423319862542956
0 0.12903207922535212 0.8452122164948453 0.1328527235915493 0.877815058419244 0.13481202816901408 0.8779129656357387 0.14068994190140843 0.9261808367697594 0.1639077042253521 0.9232436426116839 0.16371177288732394 0.9211876082474226 0.19780367605633803 0.916683912371134 0.2182784102112676 0.9130613745704467 0.20691444190140845 0.8325822869415808 0.1640056690140845 0.8378692353951891 0.1448044823943662 0.8419813041237113 0.12903207922535212 0.8452122164948453
0 0.16260770774647887 0.9234081013745704 0.14068994190140843 0.9261808367697594 0.14076341549295776 0.927441381443299 0.13641620950704225 0.927930914089347 0.13636722711267607 0.9290935515463917 0.13549778521126762 0.9290935515463917 0.13551002992957745 0.9315412130584192 0.12894635915492958 0.9325202783505155 0.12855449823943663 0.9293383178694159 0.12321539260563381 0.9302194759450172 0.12458690669014083 0.9397164003436426 0.1241460633802817 0.9406954639175259 0.1240970809859155 0.9423109209621993 0.12448894190140847 0.943828470790378 0.12512571478873238 0.9452970670103094 0.12566452464788733 0.9495070429553265 0.12610536795774646 0.9512204054982818 0.12654621126760562 0.9563115395189004 0.12728095070422535 0.9620880206185568 0.1287014471830986 0.961892206185567 0.1305627852112676 0.966689621993127 0.22313993485915493 0.9663959020618557 0.22127859507042252 0.9211631305841924 0.2188294647887324 0.9211631305841924 0.2175559172535211 0.9220442886597938 0.18973378873239438 0.924100324742268 0.1628913133802817 0.9251772955326459 0.16260770774647887 0.9234081013745704
0 0 0.8770704209621993 0.0018364647887323944 0.8769094243986254 0.0024242570422535214 0.8813152130584192 0.009967579225352113 0.8817068402061855 0.019274276408450704 0.8813152130584192 0.026327774647887325 0.8796508041237113 0.046312683098591545 0.8779863951890035 0.047194369718309856 0.87876964604811 0.06355456338028169 0.8765177989690721 0.06277084154929577 0.8525307233676976 0.06188915492957746 0.8502788745704467 0.06032171126760563 0.8505725945017182 0.05953798943661971 0.8424463608247423 0.0011507077464788732 0.8464605240549827 0.0017385 0.8589925481099657 0.00026902112676056335 0.8597757989690722 0 0.8597973075601375 0 0.8770704209621993
0 0 0.8464605240549827 0.0011507077464788732 0.8464605240549827 0.05953798943661971 0.8424463608247423 0.059831885563380274 0.8370615068728523 0.057186823943661966 0.8065146993127148 0.05571734507042254 0.8067105137457045 0.05552141549295775 0.8075427182130585 0.013445345070422535 0.8098435189003437 0 0.8115188161512027 0 0.8464605240549827
0 0 0.8115188161512027 0.013445345070422535 0.8098435189003437 0.05552141549295775 0.8075427182130585 0.05571734507042254 0.8067105137457045 0.05351312676056338 0.7720516357388316 0 0.7745368728522337 0 0.8115188161512027
0 0 0.7745368728522337 0.05255775352112676 0.7720960051546392 0.05106399647887324 0.7536452268041237 0.049398588028169016 0.7449315549828178 0.04851689964788732 0.7449315549828178 0.048418934859154925 0.7372948522336771 0.009722667253521127 0.738959262886598 0.010114528169014085 0.7401341391752577 0 0.7404160481099656 0 0.7745368728522337
0 0 0.7404160481099656 0.010114528169014085 0.7401341391752577 0.009722667253521127 0.738959262886598 0.04640489084507042 0.7373814810996564 0.04572489084507042 0.7243956804123711 0.035389558098591546 0.7250320721649485 0.035095661971830984 0.7212626752577319 0.01937224295774648 0.7220948797250859 0.018882415492957747 0.7046185807560137 0 0.70506435395189 0 0.7404160481099656
0 0.019349012323943662 0.7212660670103093 0.047292334507042254 0.7191087336769759 0.04665556161971831 0.7029052182130584 0.045186082746478874 0.7000169793814432 0.018735468309859154 0.7015834828178694 0.018882415492957747 0.7046185807560137 0.019349012323943662 0.7212660670103093
0 0 0.70506435395189 0.018882415492957747 0.7046185807560137 0.018735468309859154 0.7015834828178694 0.04235213908450704 0.7001848161512028 0.04259000352112676 0.6904221494845361 0.041953228873239434 0.6903731958762886 0.04156136795774648 0.6847435756013746 0.04087561091549296 0.6846456701030927 0.040826628521126763 0.6790160498281786 0.040091889084507046 0.6790160498281786 0.03999392429577465 0.6675120446735395 0 0.6699349432989691 0 0.70506435395189
0 0 0.6699349432989691 0.03999392429577465 0.6675120446735395 0.03897753521126761 0.6551513573883162 0.03848770950704225 0.655004496563574 0.037801952464788735 0.6435494450171821 0.036822299295774644 0.643647350515464 0.0362345088028169 0.6320943917525773 0.003514119718309859 0.6342483333333333 0 0.6344151048109966 0 0.6699349432989691
0 0.9126890897887324 0.21300228694158077 0.9683496073943662 0.22755704982817868 0.9679506056338028 0.1934630171821306 0.9214670933098592 0.18090205841924398 0.9126890897887324 0.21300228694158077
0 0.903711588028169 0.24749508075601373 0.9685491073943662 0.2634455051546392 0.9683496073943662 0.22755704982817868 0.9126890897887324 0.21300228694158077 0.903711588028169 0.24749508075601373
0 0.8939360845070422 0.28238663402061853 0.9687486073943661 0.3031221855670103 0.9685491073943662 0.2634455051546392 0.903711588028169 0.24749508075601373 0.8939360845070422 0.28238663402061853
0 0.8851580827464789 0.31687942611683845 0.9579756038732394 0.33641869587628864 0.9662578362676055 0.3024318264604811 0.8939360845070422 0.28238663402061853 0.8851580827464789 0.31687942611683845
0 0.6723962007042253 0 0.6722915211267606 0.010132828178694158 0.6573290176056338 0.009933448453608247 0.6579275176056338 0.021896266323024056 0.6577280176056338 0.05349804467353952 0.6938375281690141 0.054096185567010305 0.723263786971831 0.05429556529209622 0.7354332904929578 0.0546943264604811 0.7359320404929577 0.03415815463917526 0.7424157922535211 0.034457225085910655 0.7427150422535211 0.011129730240549827 0.7356327904929577 0.010431898625429554 0.726455786971831 0.010232518900343643 0.7264249471830986 0 0.6723962007042253 0
0 0.5593335475352113 0 0.5629156161971831 0.050607030927835056 0.596930375 0.04961012886597938 0.6008206267605634 0.04821446563573883 0.6067058785211268 0.04811477663230241 0.603067110915493 0 0.5593335475352113 0