0 0 0.1496228436426117 0.00701637676056338 0.1486895704467354 0.007800098591549297 0.14810213230240551 0.016812899647887326 0.1470251615120275 0.017204760563380283 0.1485916649484536 0.02141726584507042 0.14810213230240551 0.02200505809859155 0.1458502852233677 0.03885507922535211 0.14457750171821304 0.04277368838028169 0.14301099828178693 0.03875711267605634 0.10570864776632302 0.03748356514084507 0.10551283505154639 0.03562222535211267 0.09200174742268041 0.013678012323943662 0.0939598762886598 0.013971908450704226 0.09914891752577319 0 0.10133071821305842 0 0.1496228436426117
0 0.1289830968309859 0.09263813917525773 0.1281014102112676 0.0939598762886598 0.12477059154929579 0.09606486426116838 0.11409238028169015 0.09699497594501719 0.11399441549295775 0.10277145532646048 0.11330865845070423 0.10360365979381443 0.11497406690140843 0.13317140206185568 0.14887004049295774 0.13140908591065292 0.1465188732394366 0.10360365979381443 0.1457351514084507 0.08568678178694157 0.12888513204225352 0.08749805154639174 0.1289830968309859 0.09263813917525773
0 0.02884514084507042 0 0.0307239647887324 0.015781591065292096 0.02974431161971831 0.016026355670103094 0.033369024647887324 0.045153518900343644 0.0575174559859155 0.041530981099656354 0.055558151408450704 0.02777512886597938 0.06746092781690141 0.026061766323024056 0.06687313732394366 0.021558070446735394 0.06510976232394367 0.021558070446735394 0.06276408626760564 0 0.02884514084507042 0
0 0.7264249471830986 1 0.7263560369718309 0.9771353883161513 0.7151840334507042 0.9765372474226804 0.7151840334507042 0.9669669931271478 0.7146852834507043 0.9632784570446735 0.7146852834507043 0.9425429054982818 0.6729897711267606 0.9425429054982818 0.6723962007042253 1 0.7264249471830986 1
0 0.7538371707746478 0.9192652542955326 0.7487499190140845 0.9194646357388316 0.7502960440140846 0.954256498281787 0.7559817957746479 0.9545555687285223 0.7559817957746479 0.9575961185567009 0.7565802957746479 0.9576459639175259 0.7570291707746479 0.9604372869415808 0.7956823063380282 0.9583936391752577 0.7958319313380281 0.9589419347079038 0.7984254330985916 0.9589419347079038 0.7986249330985916 0.9582441048109966 0.806156059859155 0.958144414089347 0.8079016848591549 0.9572970481099656 0.8054079348591549 0.9034643659793815 0.7575279207746479 0.906355379725086 0.7574281707746479 0.9131343109965635 0.7536875457746478 0.913782297250859 0.7538371707746478 0.9192652542955326
0 0.603067110915493 1 0.6028156267605633 0.9966746580756014 0.5934391232394366 0.9970734192439863 0.5930401232394367 0.986306881443299 0.5585266144366197 0.9885997560137456 0.5593335475352113 1 0.603067110915493 1
0 0.5575291144366197 0.9858084312714777 0.6332393855633803 0.9812226838487972 0.6327406355633803 0.9688611048109965 0.6372293873239437 0.9683626546391754 0.6369301373239437 0.9469292714776633 0.6359326355633803 0.9467298917525774 0.6353341355633804 0.9459323711340206 0.5808706197183098 0.9487236941580757 0.5556338626760563 0.9510165687285222 0.5575291144366197 0.9858084312714777
0 0.5514443626760563 0.9458326804123711 0.5910451232394367 0.9437391872852234 0.5879528732394366 0.9100439158075602 0.5721923679577465 0.9111405068728522 0.5723918679577464 0.9174209879725087 0.568102616197183 0.9179194381443299 0.5673046161971831 0.9153274931271478 0.5470553609154929 0.917720058419244 0.5514443626760563 0.9458326804123711
0 0.5424668591549295 0.8887102233676976 0.5777783697183099 0.8864173505154639 0.5779778697183099 0.8811337714776631 0.5769803697183099 0.8799374896907216 0.5760826197183099 0.8567096838487972 0.5773793697183098 0.8564106134020618 0.5775788697183099 0.8548155721649484 0.5611201144366197 0.8562112336769759 0.5373796073943663 0.857307824742268 0.5424668591549295 0.8887102233676976
0 0.6359326355633803 0.8426533728522336 0.6368303873239436 0.8462422182130585 0.6402218873239437 0.8763486443298969 0.6669548943661971 0.8747536013745705 0.6841118996478873 0.8735573195876289 0.7026654049295774 0.8725604192439863 0.724610411971831 0.8717628969072165 0.7374781654929577 0.8706663058419244 0.7371789154929578 0.8683734329896907 0.7366801654929577 0.8682737422680412 0.7357824154929578 0.8609963608247422 0.7356826654929577 0.8534199089347079 0.7344856637323944 0.848933852233677 0.7335879137323944 0.8339803298969072 0.7352836654929578 0.8336812594501718 0.7355829154929577 0.8228150326460482 0.7400716654929578 0.8221172010309279 0.7398721654929578 0.8084596512027492 0.7355829154929577 0.8085593419243987 0.7349844154929578 0.7906151134020618 0.7159321584507042 0.7911135652920962 0.6980769049295774 0.794503029209622 0.6929896531690142 0.7952008608247423 0.677328897887324 0.7964968333333333 0.6786256478873239 0.8185283556701032 0.677328897887324 0.8199240189003437 0.6601718926056338 0.820422469072165 0.6617678943661972 0.8408589501718213 0.6359326355633803 0.8426533728522336
0 0.7644106725352113 0.7962974518900343 0.8010189330985915 0.7976931151202749 0.8281509419014084 0.7982912560137456 0.8309439419014084 0.7712752250859106 0.8022159330985916 0.7675866890034364 0.7667049242957746 0.7671879278350515 0.7644106725352113 0.7962974518900343
0 0.7710939242957747 0.8324849776632303 0.7558321707746479 0.8318868367697595 0.7547349207746479 0.8380676254295533 0.7572286707746478 0.8404601890034364 0.7567299207746478 0.8526223883161512 0.7704954242957746 0.8535195996563574 0.7704954242957746 0.8530211494845361 0.7939366813380282 0.854317120274914 0.8147844383802817 0.8546161907216495 0.8164303133802817 0.7994376924398625 0.7942858063380281 0.7982912560137456 0.7723906760563379 0.798789706185567 0.7710939242957747 0.8324849776632303
0 0.9563297288732394 0.5830602182130584 0.954234977112676 0.617054560137457 0.9379757235915493 0.6155592061855669 0.934883471830986 0.6432730687285223 0.9457562253521127 0.6442699707903781 0.9449582253521126 0.651347970790378 0.9682997306338028 0.6531423934707904 0.9682997306338028 0.5846552594501718 0.9563297288732394 0.5830602182130584
0 0.9347837218309858 0.6511485910652921 0.9310929700704226 0.686389060137457 0.9327388468309858 0.6865884398625429 0.9299458450704225 0.7129564862542955 0.9266042200704225 0.7127072594501718 0.9254570950704225 0.728159233676976 0.9480504753521126 0.7309007130584192 0.9490479753521127 0.7242713178694158 0.952589102112676 0.7240719381443299 0.952589102112676 0.7231747268041238 0.9682498556338028 0.7240719381443299 0.9682997306338028 0.6531423934707904 0.9449582253521126 0.651347970790378 0.9347837218309858 0.6511485910652921
0 0.852839073943662 0.6728311993127148 0.8527393239436619 0.6716349175257732 0.8457568221830987 0.6712361563573883 0.8383753186619718 0.67243243814433 0.8358815686619718 0.6720336786941581 0.8355823186619717 0.699249089347079 0.8829635827464789 0.6987506391752577 0.8818663309859155 0.6723327491408935 0.852839073943662 0.6728311993127148
0 0.8208193133802817 0.6611674518900343 0.8209190651408451 0.6035465429553265 0.7886998045774648 0.6039453041237114 0.7885003045774648 0.6564820137457045 0.7875028045774648 0.6571798453608247 0.7866050545774648 0.6603699295532647 0.7842110545774648 0.6625631134020619 0.7845103045774648 0.6656535085910653 0.7856075545774648 0.6659525790378007 0.7857073045774647 0.6680460721649485 0.7868045545774648 0.6688435927835051 0.7916923063380282 0.7061277096219931 0.7946848063380282 0.706526470790378 0.7954828063380281 0.7060280206185566 0.807752059859155 0.7056292594501717 0.807851809859155 0.7069252319587629 0.8236123151408451 0.7067258505154639 0.8229140651408451 0.6613668316151203 0.8208193133802817 0.6611674518900343
0 0.8200213133802817 0.47913323367697597 0.8199215633802817 0.4868093762886598 0.8165300633802818 0.4869090652920962 0.8177270633802817 0.5212024776632302 0.8191235633802817 0.5222990704467354 0.8400710704225353 0.5215015481099656 0.8402705704225352 0.5196074364261168 0.856729323943662 0.5184111546391752 0.856729323943662 0.5063486460481099 0.8612180757042254 0.5060495756013745 0.8601208257042253 0.4740490360824743 0.8340860686619719 0.476142529209622 0.8307943169014084 0.47873447422680415 0.8200213133802817 0.47913323367697597
0 0.8195724383802817 0.5387977903780069 0.8192731883802817 0.5422370996563574 0.8172781883802818 0.5423367903780069 0.8174278133802817 0.5545986786941581 0.8298466919014084 0.5542996082474226 0.8299464419014084 0.5553962010309278 0.8163804383802817 0.5562435670103093 0.8161809383802817 0.5394457766323024 0.8176273133802816 0.5387977903780069 0.8173779383802817 0.5234455068728522 0.8136373116197183 0.5244922525773196 0.8143355616197183 0.5606797783505154 0.8248093151408451 0.5609290034364262 0.8433129454225352 0.5595831872852234 0.8441109454225352 0.5598822577319588 0.8716918292253522 0.5596828762886598 0.8716918292253522 0.5594336512027492 0.8716419542253521 0.5566921718213058 0.8840109577464789 0.5558448058419243 0.8836119577464788 0.5219003092783505 0.8715422042253521 0.5219999999999999 0.8706444542253521 0.5195077457044673 0.856729323943662 0.5184111546391752 0.8402705704225352 0.5196074364261168 0.8400710704225353 0.5215015481099656 0.8191235633802817 0.5222990704467354 0.8195724383802817 0.5387977903780069
0 0.8137869366197182 0.49488427835051546 0.8122906866197183 0.47434810652920967 0.7892484295774648 0.47554438831615126 0.7584256707746478 0.47863478350515465 0.7594231707746478 0.48950101030927834 0.756231170774648 0.48989976975945015 0.7538371707746478 0.491793883161512 0.7545354207746479 0.5234953522336769 0.7547349207746479 0.5518073556701031 0.8141393767605634 0.5505122800687285 0.8136373116197183 0.5244922525773196 0.8137869366197182 0.49488427835051546
0 0.7882509295774648 0.4715567817869416 0.7903456813380281 0.4710583316151203 0.8301459419014084 0.46816731786941584 0.8289489419014084 0.4390577920962199 0.7892484295774648 0.4391574828178694 0.7892484295774648 0.44194880756013744 0.7841611795774648 0.44194880756013744 0.7613184225352112 0.4470330051546392 0.7615179225352112 0.4574007800687285 0.7622161725352112 0.45779954123711336 0.7625154225352113 0.46308312027491416 0.7638121725352113 0.46328250000000004 0.7639119225352112 0.46946328865979386 0.7622161725352112 0.4696626701030928 0.7628146725352113 0.4731518247422681 0.7882509295774648 0.4715567817869416
0 0.8252587147887325 0.43906706013745705 0.8200711883802817 0.4341729759450172 0.8216671901408451 0.4138361838487972 0.7883506795774647 0.41154331099656355 0.7604206725352113 0.41154331099656355 0.7598221725352113 0.4344720463917526 0.7682011742957746 0.4344720463917526 0.7680016742957746 0.4394565532646048 0.7892484295774648 0.4391574828178694 0.8252587147887325 0.43906706013745705
0 0.8096716408450704 0.41301063917525777 0.8198664894366198 0.4137122594501718 0.8212681901408451 0.4108454793814433 0.821068690140845 0.3852251116838488 0.807003934859155 0.38542449140893476 0.7626151725352113 0.3839291391752577 0.7538371707746478 0.38343068728522334 0.7525404190140844 0.40177367525773194 0.7549344207746479 0.40177367525773194 0.7548346707746478 0.4096491975945017 0.7853581795774648 0.4102473384879725 0.8096971866197183 0.4117426907216495 0.8096716408450704 0.41301063917525777
0 0.807003934859155 0.38542449140893476 0.8190825774647887 0.38525326632302404 0.8202706883802817 0.35392240378006873 0.8150836883802817 0.35362333333333335 0.8126896866197183 0.35491930412371137 0.7780764278169013 0.35392240378006873 0.776779676056338 0.35422147422680417 0.7542361707746479 0.35422147422680417 0.7536376707746478 0.37635268728522336 0.7544356707746479 0.3764523780068728 0.7538371707746478 0.38343068728522334 0.807003934859155 0.38542449140893476
0 0.8140363116197183 0.32585962542955327 0.8084503098591549 0.3224701597938144 0.775532801056338 0.32077542783505153 0.7530890440140845 0.32117418900343647 0.7531887940140846 0.3292490910652921 0.7525902940140845 0.32914940034364265 0.7528895440140845 0.3361277113402062 0.7514930440140846 0.3361277113402062 0.7509942940140845 0.3426075704467354 0.7523907940140846 0.3422088109965636 0.7521912940140846 0.3543710085910653 0.7542361707746479 0.35422147422680417 0.776779676056338 0.35422147422680417 0.7780764278169013 0.35392240378006873 0.8126896866197183 0.35491930412371137 0.8133548661971831 0.35455921649484534 0.8140363116197183 0.32585962542955327
0 0.8113430616197183 0.32037666666666664 0.8113430616197183 0.2876782972508591 0.7936873063380282 0.28797736769759447 0.7891985545774648 0.28917364948453605 0.7548845457746479 0.28668139518900343 0.7550840457746479 0.28907395876288655 0.7501962940140845 0.28907395876288655 0.7497972940140845 0.3177847233676976 0.8113430616197183 0.32037666666666664
0 0.8321908169014085 0.3061209759450172 0.8311933169014084 0.3060212852233677 0.8289988169014084 0.32227078006872856 0.8913425845070422 0.3323394845360825 0.8924398345070422 0.3298472319587629 0.8947340862676056 0.3168875120274914 0.8932378345070422 0.31608998969072166 0.8944348345070423 0.303728412371134 0.8872528327464789 0.30103677835051545 0.8582255757042253 0.2962516494845361 0.8495473221830986 0.2946566082474227 0.8345848186619718 0.293659706185567 0.8321908169014085 0.3061209759450172
0 0.8913425845070422 0.3323394845360825 0.8314074823943661 0.32265978694158076 0.8305948169014085 0.3280528092783505 0.8330885669014084 0.32835187972508595 0.8305948169014085 0.3511809243986254 0.8364800686619718 0.3513803041237113 0.8510435721830986 0.3543710085910653 0.8887490845070423 0.35945520618556703 0.8921405845070423 0.33822120446735393 0.8913425845070422 0.3323394845360825
0 0.8335873186619719 0.38088858934707903 0.8420660704225352 0.382383941580756 0.8422156954225352 0.38153657560137455 0.8513926971830986 0.3838294484536082 0.8631632007042254 0.3855241821305842 0.8855072077464788 0.3860226323024055 0.8887490845070423 0.35945520618556703 0.8510435721830986 0.3543710085910653 0.8364800686619718 0.3513803041237113 0.8335873186619719 0.38088858934707903
0 0.8352331936619719 0.403269029209622 0.8366296936619718 0.4031693384879725 0.8363304436619718 0.4137364948453608 0.8682504524647887 0.4153315360824742 0.8837117077464788 0.41582998797250864 0.8883002077464788 0.41283928350515464 0.8873027077464789 0.3870195343642612 0.8855072077464788 0.3860226323024055 0.8631632007042254 0.3855241821305842 0.8513926971830986 0.3838294484536082 0.8422156954225352 0.38153657560137455 0.8420660704225352 0.382383941580756 0.835630184859155 0.38124887800687285 0.8352331936619719 0.403269029209622
0 0.8373279436619718 0.43252808762886596 0.8395723204225352 0.4324782422680412 0.8395723204225352 0.4497246391752577 0.8435124454225352 0.44882742783505153 0.8619662007042254 0.4499240189003436 0.8671532024647888 0.4499240189003436 0.8664549524647888 0.46776855670103096 0.8745347042253521 0.46776855670103096 0.8794224559859155 0.4668713453608248 0.8811182059859155 0.46527630240549833 0.8837117077464788 0.41582998797250864 0.8682504524647887 0.4153315360824742 0.8373776954225353 0.413788824742268 0.8373279436619718 0.43252808762886596
0 0.7110444084507043 0.29231389003436425 0.7107451584507043 0.29311141065292096 0.7039621549295775 0.2933107903780069 0.6993736549295775 0.2928123402061856 0.6980769049295774 0.2937095515463918 0.7022664049295775 0.36249575601374573 0.7114434084507042 0.3618976151202749 0.7206204102112675 0.36090071305841925 0.7209196602112676 0.36528708075601374 0.7217176602112676 0.36528708075601374 0.7218174102112677 0.3671811941580756 0.7353834154929578 0.3663836718213058 0.7351839154929578 0.3633929673539519 0.7415679172535211 0.3628945171821306 0.7405704154929578 0.35192859965635737 0.7451589172535211 0.35242705154639176 0.7418671672535212 0.291616058419244 0.7185256602112676 0.2914166786941581 0.7110444084507043 0.29231389003436425
0 0.6962814031690141 0.29311141065292096 0.6711443961267606 0.2927126494845361 0.6692491461267606 0.29311141065292096 0.6697977711267605 0.3554177560137457 0.6728900211267606 0.35571682646048114 0.6733887711267605 0.3642901786941581 0.6997227799295774 0.3622963762886598 0.6998225299295774 0.363193587628866 0.7022664049295775 0.36249575601374573 0.6980769049295774 0.2937095515463918 0.6962814031690141 0.29311141065292096
0 0.6476532640845071 0.29041977663230245 0.647054764084507 0.2883262835051546 0.6147856302816902 0.29041977663230245 0.5750851179577465 0.29201481958762887 0.5752846197183098 0.30008972164948455 0.565209866197183 0.3038779467353952 0.5667061161971831 0.31613983505154636 0.5676038661971832 0.33498127491408936 0.5702971179577465 0.3350809639175258 0.5714941179577464 0.3608010240549828 0.6066061285211267 0.3583087697594502 0.6065063785211268 0.35960474226804123 0.6076036285211267 0.35960474226804123 0.6088006285211268 0.3813371941580756 0.6094988785211267 0.38153657560137455 0.6099976285211268 0.38971116838487974 0.6615683943661972 0.3858232525773196 0.6705458961267605 0.38472665979381443 0.6703463961267606 0.37266415120274915 0.6664561443661973 0.3141460326460481 0.6643115193661971 0.2900210154639175 0.6476532640845071 0.29041977663230245
0 0.697179153169014 0.4717561632302406 0.6982764049295774 0.4929901649484536 0.6986754049295775 0.49318954467353954 0.6988749049295774 0.4938873762886598 0.7503459190140845 0.49129543298969075 0.7564306707746479 0.4874075171821306 0.7555329207746478 0.46218590893470796 0.7518421690140845 0.4619865274914089 0.7496476690140845 0.43586770790378004 0.6958824031690141 0.4393568642611684 0.697179153169014 0.4717561632302406
0 0.6370298873239436 0.5443305927835052 0.6447106390845071 0.5480191288659794 0.6709448961267606 0.5453274948453608 0.6826156496478873 0.5437324518900344 0.6886006514084507 0.5418383402061856 0.6956829031690142 0.5413398883161512 0.6858076514084507 0.45371224570446733 0.6275536338028169 0.4579989226804123 0.6370298873239436 0.5443305927835052
0 0.5325916073943662 0.690675737113402 0.5086516003521127 0.6944639621993127 0.5092501003521127 0.6981524982817869 0.5101478503521127 0.6982521872852233 0.5104471003521126 0.7048815824742268 0.5108959753521127 0.7050809639175258 0.5110456003521128 0.7089190343642612 0.5118934753521127 0.7088193436426117 0.5120431003521126 0.7130561752577319 0.5128909753521127 0.7144518384879726 0.5128411003521127 0.7170437817869416 0.5124919753521127 0.717342852233677 0.5125418503521126 0.7191871202749142 0.5131403503521127 0.7197354158075602 0.5132899753521126 0.7221279793814432 0.5145368521126761 0.7291062903780069 0.5157837271126761 0.7297044312714777 0.5169807271126761 0.742863530927835 0.517878477112676 0.7484461804123712 0.5200231038732395 0.7483464896907217 0.5211702288732395 0.7613560549828179 0.5221178538732395 0.761505589347079 0.5223173538732395 0.7633498573883161 0.5400229841549296 0.7617548144329896 0.5400229841549296 0.7605086872852234 0.5875039982394367 0.7562220120274914 0.598277 0.7564213917525774 0.6049602517605633 0.757418293814433 0.6128405052816902 0.7566207714776633 0.6139377552816901 0.75034029209622 0.6137382552816901 0.7310004037800687 0.6126410052816902 0.7239224020618557 0.6084515035211268 0.7239224020618557 0.5987757499999999 0.7257168247422681 0.595484 0.7021899484536083 0.5831149964788732 0.7041837525773196 0.5818182464788733 0.6862395240549829 0.5777284947183099 0.6862395240549829 0.5771299947183098 0.6844451013745705 0.5434144841549295 0.6872364261168386 0.5430653591549296 0.6897785257731959 0.5325916073943662 0.690675737113402
0 0.5545864876760563 0.6828002147766323 0.5526413626760563 0.6743265515463918 0.5503471109154929 0.6716349175257732 0.549598985915493 0.6484569570446735 0.5514942376760563 0.648357266323024 0.5507959876760563 0.630662264604811 0.5480029859154929 0.6310610257731959 0.547603985915493 0.6294659828178694 0.5434144841549295 0.6298647439862542 0.5383272341549297 0.6035465429553265 0.5042127235915493 0.6118208264604811 0.5017189735915493 0.6131167989690721 0.4899484700704225 0.6181013058419244 0.5010207218309859 0.6673482405498282 0.507629161971831 0.6926196941580757 0.5080032253521127 0.6931679896907217 0.5545864876760563 0.6828002147766323
0 0.5514942376760563 0.648357266323024 0.549598985915493 0.6484569570446735 0.5503471109154929 0.6716349175257732 0.5526413626760563 0.6743265515463918 0.5545864876760563 0.6828002147766323 0.556007926056338 0.6851678556701031 0.6112445035211267 0.6821023831615121 0.6130400052816901 0.6820026941580756 0.6132395052816901 0.6798095103092784 0.6317930105633803 0.6779153969072165 0.6340872605633803 0.6751240721649485 0.6304962605633803 0.6562826340206186 0.6230150070422535 0.6511984364261169 0.6169302552816901 0.6249799261168385 0.6141372552816902 0.5793218367697595 0.6130400052816901 0.5796209072164948 0.6119427535211267 0.5673590189003436 0.5998730017605634 0.568954060137457 0.5999727517605633 0.5641689329896907 0.5678532411971831 0.5668605670103093 0.568651241197183 0.5815150206185566 0.5556837376760563 0.5832097525773196 0.5547859876760564 0.5841069639175257 0.5560827376760563 0.6100264037800688 0.5576787394366197 0.6190982079037801 0.5658582411971831 0.6187991374570446 0.5662572411971831 0.6242820945017182 0.550297235915493 0.6254285326460481 0.5507959876760563 0.630662264604811 0.5514942376760563 0.648357266323024
0 0.5233896672535211 0.46059086597938137 0.5194994154929578 0.4611890068728522 0.5197986654929577 0.46248497938144334 0.5114196637323944 0.4622855979381443 0.5108211637323943 0.46098962714776626 0.49466165845070426 0.4635815704467354 0.4935644084507042 0.4650769226804124 0.48199340492957743 0.47145709278350517 0.48329015492957744 0.48391836082474227 0.47341490140845066 0.487706587628866 0.47630765316901413 0.5107350120274914 0.47820290316901415 0.521601238831615 0.5303721690140846 0.5136260257731958 0.5299731690140845 0.5067474054982818 0.5384519207746479 0.5050526735395189 0.5330654190140846 0.46378095017182136 0.5233896672535211 0.46059086597938137
0 0.48119540492957746 0.5502123127147767 0.4836891549295774 0.5502123127147767 0.49087115669014086 0.5927800068728523 0.49296590845070426 0.6026493316151204 0.4998486602112676 0.6013533608247423 0.49974891021126755 0.6028487130584192 0.5237886672535211 0.5988611065292097 0.5276789172535211 0.597864204467354 0.5331651690140845 0.5969669931271478 0.5363571707746478 0.5953719518900344 0.5399481707746479 0.5942753591065293 0.5384519207746479 0.5845057250859106 0.5418434225352112 0.5834091323024054 0.5362574207746479 0.5513089037800687 0.5314694190140845 0.5171151821305842 0.5303721690140846 0.5136260257731958 0.47820290316901415 0.521601238831615 0.48119540492957746 0.5502123127147767
0 0.5438633591549296 0.5041554621993127 0.596032625 0.4977752920962199 0.6090001285211268 0.4958811786941581 0.6061073785211268 0.47424841580756016 0.5903468732394366 0.4764415996563574 0.5886511232394366 0.46467816151202757 0.549449360915493 0.47006142955326463 0.5479531109154929 0.4627840498281787 0.5374793573943661 0.46417971134020625 0.5438633591549296 0.5041554621993127
0 0.5517436126760563 0.5558946512027492 0.5767309947183099 0.5519070446735396 0.5919927482394367 0.5508602989690721 0.5944865 0.549215410652921 0.5970799999999999 0.549215410652921 0.598526375 0.548467735395189 0.6023168767605634 0.5485674243986254 0.6041123767605634 0.5476203676975945 0.6064565035211267 0.5474708333333334 0.6062071285211268 0.5442309037800688 0.6080525035211268 0.543981678694158 0.6020675017605633 0.49887188487972506 0.595733375 0.49966940549828176 0.5437636091549296 0.5063486460481099 0.5517436126760563 0.5558946512027492
0 0.47244233978873235 0.42784265120274917 0.48161934154929575 0.42893924226804125 0.48002334154929577 0.4429955532646048 0.4851105933098592 0.4482791323024055 0.4864073433098592 0.45725124570446735 0.4935893450704225 0.459544118556701 0.5173298521126761 0.4604413298969072 0.5250604788732395 0.4598930343642611 0.5378284823943662 0.4608400910652921 0.5421177341549296 0.38218456185567007 0.5334394823943662 0.3799913780068728 0.5000232218309859 0.3786954054982818 0.4943374700704225 0.37889478694158074 0.4881529683098592 0.38168610996563573 0.47473658978873234 0.38088858934707903 0.47244233978873235 0.42784265120274917
0 0.38590919014084507 0.4607404003436426 0.418826698943662 0.4587465979381443 0.418826698943662 0.4596438092783505 0.45294120950704225 0.45695217525773196 0.44974920774647886 0.4072067886597938 0.44745495774647887 0.4042160841924399 0.415534948943662 0.4044154656357388 0.3828169383802817 0.40820369072164947 0.38590919014084507 0.4607404003436426
0 0.011846582746478873 0.3681282491408935 0.018031084507042255 0.3947455206185567 0.030400088028169014 0.3942470704467354 0.030599588028169016 0.3916551254295533 0.04576159154929577 0.3905585343642612 0.053641845070422536 0.38866442096219933 0.09314285563380281 0.3843777439862543 0.09354185563380282 0.38627185738831615 0.14281836971830986 0.38019075773195876 0.14301786971830985 0.3767016030927835 0.13872861795774646 0.3468942474226804 0.13882836795774647 0.34400323367697594 0.13603536795774648 0.32994692096219935 0.11937711267605634 0.3315419639175258 0.11818011267605634 0.332439175257732 0.11478861267605635 0.3329376254295533 0.11349186091549295 0.332439175257732 0.10710785915492957 0.33333638659793813 0.10261910915492958 0.33473204810996565 0.09523760563380282 0.33333638659793813 0.09473885563380281 0.33104351374570445 0.07458935035211267 0.33383483676975945 0.07419035035211267 0.33194072508591066 0.05503834507042254 0.33313700687285225 0.05114809330985915 0.33503111855670104 0.05144734330985915 0.3386199656357388 0.037183089788732394 0.3422088109965636 0.036883839788732393 0.3453988951890034 0.030499838028169014 0.3462961065292096 0.017931334507042256 0.3478911494845361 0.018629584507042253 0.3540719381443299 0.010549832746478874 0.35506884020618557 0.011846582746478873 0.3681282491408935
0 0.4953349718309859 0.27870618384879725 0.5206714788732394 0.27920463402061857 0.5441127341549296 0.27950370446735395 0.550197485915493 0.28000215463917527 0.5507959876760563 0.27780897250859105 0.5509954876760563 0.24321648969072165 0.5480029859154929 0.24291741924398624 0.5218684788732394 0.24172113745704468 0.4953349718309859 0.24311679896907218 0.4953349718309859 0.27870618384879725
0 0.548601485915493 0.22846234707903781 0.5554842376760563 0.2167985996563574 0.5552847376760564 0.1912779209621993 0.5575789894366197 0.1912779209621993 0.5556837376760563 0.15528977491408935 0.5381277323943662 0.1554891563573883 0.5347362323943662 0.15409349312714776 0.4732902147887324 0.156286676975945 0.45478658450704224 0.15733342268041237 0.45568433450704227 0.19671103436426116 0.45568433450704227 0.20194476632302405 0.47468671478873237 0.20388872508591066 0.4825669665492957 0.21784534536082473 0.4919434700704226 0.2180447268041237 0.4930407200704225 0.22911033333333336 0.49523522007042253 0.22861188144329894 0.49553447183098587 0.232898558419244 0.4966317218309859 0.2332973195876289 0.49713047183098596 0.23718523539518901 0.49563422183098593 0.2372849261168385 0.4953349718309859 0.24311679896907218 0.5218684788732394 0.24172113745704468 0.5480029859154929 0.24291741924398624 0.548601485915493 0.22846234707903781
0 0.40885169542253524 0.22223171305841924 0.4091509454225352 0.2240261357388316 0.3970811936619718 0.22572086769759447 0.3989764436619718 0.2433660240549828 0.40047269366197186 0.2588179982817869 0.43319070246478875 0.2563257439862543 0.4346869542253521 0.25702357560137457 0.4490509577464789 0.25522915292096215 0.4558339595070422 0.2486496030927835 0.4513950827464789 0.18160797594501718 0.4330410774647887 0.18270456701030927 0.4326420774647887 0.18051138316151202 0.418327948943662 0.18095998969072166 0.4121434471830986 0.18155813058419243 0.4111459471830986 0.18235565120274913 0.4062581954225352 0.1825550326460481 0.40885169542253524 0.22223171305841924
0 0.596930375 0.2151537113402062 0.5839628714788733 0.21535309278350515 0.5821673714788732 0.22083604982817867 0.5764816197183098 0.22123481099656356 0.5763818697183098 0.25074309621993124 0.5811698697183099 0.2503443350515464 0.5816686214788733 0.2511418556701031 0.6041123767605634 0.25164030756013744 0.6040625017605634 0.2545313213058419 0.6558826426056338 0.2546310120274914 0.6557330176056337 0.2560765189003436 0.6586756426056338 0.25622605498281786 0.6610696426056337 0.19287296219931271 0.6262568838028169 0.19117823024054983 0.6259576338028169 0.18778876460481098 0.6064066285211267 0.18659248281786942 0.6064066285211267 0.1854958917525773 0.5977283750000001 0.18554573711340205 0.596930375 0.2151537113402062
0 0.6259576338028169 0.18778876460481098 0.6262568838028169 0.19117823024054983 0.6610696426056337 0.19287296219931271 0.6617180193661972 0.192075441580756 0.6626656443661972 0.178667116838488 0.6638127693661973 0.15927738144329898 0.6655085193661973 0.13983780240549828 0.6624162693661971 0.13973811168384878 0.6622167693661971 0.12538273024054983 0.6618676443661973 0.10848524914089347 0.6580272676056338 0.10828586941580756 0.6213192570422535 0.10843540378006873 0.6162320052816902 0.10893385395189004 0.6161322552816901 0.11252270103092785 0.6101472535211268 0.11252270103092785 0.6100475035211268 0.11700875773195876 0.6053592517605634 0.11700875773195876 0.5970799999999999 0.1326601116838488 0.59558375 0.13275980068728524 0.595883 0.14880991580756014 0.5903967482394366 0.149208676975945 0.5881024982394366 0.1582804793814433 0.5862072464788732 0.1580810996563574 0.5811199947183099 0.17692253780068729 0.5812197447183098 0.17801913058419244 0.6050600017605634 0.17772006013745706 0.6179277552816901 0.17732129896907217 0.6178280052816901 0.18410022852233676 0.6184363785211268 0.18732855670103093 0.6259576338028169 0.18778876460481098
0 0.6702466461267605 0.10758803780068729 0.6685508961267607 0.1072889673539519 0.6655085193661973 0.15389411340206186 0.6646357077464788 0.15581314948453606 0.6645359577464789 0.15656082474226804 0.6654087693661972 0.15661067010309276 0.6635135193661972 0.1792403350515464 0.6628651443661973 0.19155206872852235 0.6866555264084506 0.1928978848797251 0.7010694049295775 0.19449292783505154 0.7039122799295775 0.19374525085910654 0.7065556566901409 0.15077879553264606 0.7095481566901408 0.10751326975945018 0.6707453961267605 0.10300229037800687 0.6702466461267605 0.10758803780068729
0 0.7165306602112677 0.11090273539518901 0.7123411584507042 0.16727751546391753 0.7086504066901409 0.16667937457044674 0.7064060316901408 0.1878635326460481 0.7322412887323944 0.1912031529209622 0.7500965440140845 0.1925988144329897 0.7534880457746479 0.191801293814433 0.7567797957746479 0.1556137680412371 0.7610690475352112 0.11115196048109967 0.7595727975352112 0.11105226975945016 0.7597722975352112 0.10158170618556701 0.7222662852112676 0.10108325601374571 0.7222662852112676 0.10606776288659793 0.7212687852112677 0.10736373539518901 0.7175281602112676 0.10721419931271477 0.7165306602112677 0.11090273539518901
0 0.7115930334507042 0.20127185738831616 0.7100469066901408 0.20137154810996563 0.7088499066901409 0.20291674570446736 0.7090992816901408 0.208948 0.7074035316901408 0.20969567525773197 0.7033636549295775 0.2097455206185567 0.7030644049295774 0.21039350687285224 0.6906954014084508 0.21074242268041238 0.6879522764084507 0.2100445910652921 0.6656082693661972 0.21009443642611683 0.6652092693661972 0.23397022852233676 0.6654087693661972 0.2500701872852234 0.6660072693661971 0.2502197233676976 0.6659075193661972 0.25430701890034363 0.6690496461267605 0.2559020618556701 0.6850595246478873 0.25664973711340205 0.6921417781690141 0.2552540756013746 0.727952036971831 0.2548553144329897 0.728400911971831 0.2620330051546392 0.7294981637323944 0.2621825412371134 0.7511189823943661 0.26183362542955324 0.7509693573943662 0.24827576460481102 0.7501713556338028 0.24648134192439863 0.7508696073943663 0.22185787457044676 0.7513683573943661 0.2199637611683849 0.7526651073943662 0.19713471649484537 0.7315181003521126 0.1955396735395189 0.7315181003521126 0.19274835051546393 0.7123910334507042 0.19190098453608248 0.7115930334507042 0.20127185738831616
0 0.375161389084507 0 0.379201 0.03902613573883162 0.38019850000000005 0.03892644501718213 0.38089675 0.05188616494845361 0.37989924999999997 0.05208554639175258 0.3821935017605634 0.08588050687285223 0.39486175528169015 0.08508298625429553 0.39615850528169017 0.09834177663230241 0.3980537552816902 0.09834177663230241 0.39895150528169016 0.11738259450171822 0.42548501408450706 0.11528910137457045 0.42538526408450705 0.10980614432989691 0.4317692658450704 0.10950707388316151 0.4396495176056338 0.10890893298969072 0.4388515176056338 0.0985411563573883 0.4430410176056338 0.09824208591065292 0.4376046426056338 0.03653388144329897 0.4376545176056338 0.024222147766323022 0.4374051426056338 0.024072613402061856 0.4359088908450704 0.011262427835051545 0.43625801584507046 0.01091351202749141 0.4352247200704225 0 0.375161389084507 0
0 0.45055373063380283 0 0.4490260193661972 0.00737451202749141 0.44653226936619717 0.007125286941580757 0.4395497676056338 0.038677219931271475 0.4401482676056338 0.039325206185567015 0.45590877288732395 0.04226606529209622 0.45176914612676056 0.06265270103092783 0.4479786443661972 0.08348794329896907 0.4461831443661972 0.07780560481099656 0.4427916426056338 0.07760622508591065 0.44807839436619723 0.1360246529209622 0.5355591707746479 0.13104014604810996 0.5367561707746479 0.1294451030927835 0.5421426725352112 0.10372504467353952 0.5463321725352113 0.10153186082474228 0.553713676056338 0.061655800687285225 0.5575041760563381 0.0576681941580756 0.5600976778169015 0.051487405498281784 0.5622921778169014 0.046702276632302406 0.5632896778169014 0.040720867697594504 0.5628906778169014 0.03274565635738832 0.5620926778169014 0.027960529209621995 0.5620926778169014 0.02477044329896907 0.5686151302816901 0 0.45055373063380283 0
0 0.6326413362676057 0 0.6188005686619719 0.05036589003436426 0.6188005686619719 0.05186124226804124 0.6217930704225353 0.052858144329896904 0.6208454436619719 0.05380520103092784 0.6195985686619718 0.057992187285223366 0.6290748221830986 0.06113242611683848 0.6268803204225352 0.0678615120274914 0.6472293274647888 0.07349400515463918 0.6479275774647888 0.07184911855670104 0.6555085792253521 0.07454075257731958 0.6695234577464789 0.07798006185567011 0.6724660845070423 0.06726337113402062 0.6732142095070422 0.06651569587628867 0.6729149595070422 0.06432251202749141 0.6905707147887324 0.002813687285223368 0.6908053292253521 0 0.6326413362676057 0
0 0.690858934859155 0 0.6907366778169014 0.0008233230240549828 0.6933886531690141 0.003960125429553265 0.7120419084507041 0.008844941580756015 0.7132389084507043 0.010639364261168384 0.7096479066901409 0.024197225085910653 0.7222164102112677 0.028085140893470792 0.7358821654929577 0.030776774914089346 0.7397724154929578 0.016222013745704467 0.7571289207746479 0.020708070446735394 0.7634437429577465 0 0.690858934859155 0
0 0.763458110915493 0 0.7610441091549296 0.00999137972508591 0.7615677975352113 0.010415061855670102 0.7580516091549295 0.028483902061855672 0.7796973644366197 0.03354317697594501 0.7799467394366197 0.03272073367697594 0.8113181232394366 0.0391258264604811 0.8124652499999999 0.034191163230240545 0.81765225 0.035287754295532645 0.8200961267605633 0.025767345360824742 0.8202956267605633 0.02277664089347079 0.8229888767605633 0.012857470790378007 0.8234876267605634 0.01230917525773196 0.8252332535211268 0.01230917525773196 0.8263803785211268 0.011461809278350514 0.8263803785211268 0.00682621649484536 0.8231883767605633 0.00662683676975945 0.8241360035211267 0.002589384879725086 0.8135707253521127 0 0.763458110915493 0
0 0.8220660633802817 0.016256170103092785 0.8202956267605633 0.02277664089347079 0.8200961267605633 0.025767345360824742 0.8194726883802816 0.0336428676975945 0.8181759383802817 0.04585491065292096 0.8135874366197183 0.07611087285223368 0.8147844366197182 0.07720746391752578 0.8304950669014085 0.07950033676975946 0.8315923169014084 0.08004863402061856 0.853587198943662 0.08438515463917526 0.856928823943662 0.06170564604810997 0.8613178257042253 0.027611613402061856 0.8608190757042254 0.021929274914089348 0.8220660633802817 0.016256170103092785
0 0.8184205862676056 0.04355095704467354 0.7573782957746479 0.03558682474226804 0.7532885440140845 0.059014012027491417 0.7503957940140845 0.07865297079037802 0.7484007940140845 0.0898182680412371 0.7486002940140846 0.0906157886597938 0.8082508098591549 0.09779348109965637 0.8097470616197183 0.0847340704467354 0.8121410616197183 0.0855315910652921 0.8135874366197183 0.07611087285223368 0.8181759383802817 0.04585491065292096 0.8184205862676056 0.04355095704467354
0 0.856928823943662 0.06170564604810997 0.8550259771126761 0.07462020790378007 0.8550834489436621 0.0795501821305842 0.856180698943662 0.07969971821305842 0.856180698943662 0.08129475945017182 0.855681948943662 0.08288980240549827 0.8536869489436619 0.09864084707903781 0.8995719612676056 0.10472194673539519 0.9026642130281689 0.0813944501718213 0.906255213028169 0.0819925910652921 0.9126392147887323 0.02551812027491409 0.9126890897887324 0.02506951374570447 0.8999210862676056 0.023624006872852234 0.9004198362676057 0.020134852233676975 0.8953325862676056 0.019736091065292095 0.8949335862676057 0.02292617697594502 0.8811182059859155 0.021131754295532646 0.8621158257042253 0.01903826116838488 0.8613178257042253 0.027611613402061856 0.856928823943662 0.06170564604810997
0 0.9084301954225351 0.06275216838487974 0.906255213028169 0.0819925910652921 0.9026642130281689 0.0813944501718213 0.9004908908450705 0.09778968041237114 0.9347338468309858 0.10237922680412372 0.936030596830986 0.08971857731958763 0.936778721830986 0.08525744329896907 0.9578010404929577 0.03628465635738832 0.9572524154929578 0.029256501718213063 0.9141604031690141 0.024471372852233678 0.9098711514084508 0.056222687285223366 0.9084301954225351 0.06275216838487974
0 0.9626966214788732 0 0.9558559154929577 0.012857470790378007 0.9682747940140846 0.019985316151202748 0.9685833080985915 0 0.9626966214788732 0
0 0.8253118221830985 0 0.8721157658450704 0.013430689003436426 0.875998073943662 0 0.8253118221830985 0