0 0 0.26105534192439867 0.021314654929577466 0.2547467147766323 0.007991383802816903 0.2028563058419244 0 0.20485295189003436 0 0.26105534192439867
0 0 0.4785499209621993 0.0026032957746478873 0.4774348934707903 0 0.46736917353951885 0 0.4785499209621993
0 0 0.3616260910652921 0.03346234507042253 0.35096425945017184 0.03571554577464789 0.3515027457044674 0.07093404753521128 0.3405861786941581 0.06290089788732395 0.31816560481099654 0.061137524647887326 0.31865513745704466 0.05682705281690141 0.3075917113402062 0.013526419014084507 0.3132702835051546 0.011175253521126761 0.3162074759450172 0 0.3190206958762886 0 0.3616260910652921
0 0 0.4058183762886598 0.009362896126760565 0.40295257560137454 0.008922052816901409 0.4002111941580756 0.05031236443661972 0.3859168556701031 0.05016541725352113 0.38307756872852233 0.05241861795774648 0.38288175601374574 0.055161644366197186 0.3909100841924399 0.07176675176056338 0.38547627663230244 0.08700034683098591 0.380042470790378 0.07093404753521128 0.3405861786941581 0.03571554577464789 0.3515027457044674 0.03346234507042253 0.35096425945017184 0 0.3616260910652921 0 0.4058183762886598
0 0 0.4536763144329897 0.0050524260563380285 0.47271090721649484 0.006815799295774648 0.4718297491408935 0.008579174295774648 0.47946645189003434 0.025527160211267608 0.47633344501718217 0.03218879577464789 0.4745711288659794 0.03336437852112676 0.4726130017182131 0.07548943133802817 0.461843293814433 0.07460774471830986 0.45939563230240554 0.0725504735915493 0.4591998195876289 0.062362089788732394 0.4222890945017182 0.0652030809859155 0.4181770257731959 0.06216615845070422 0.40486175085910653 0.06206819366197183 0.40192455670103094 0.059325167253521126 0.39135066323024054 0.02092279401408451 0.39967270962199314 0.009362896126760565 0.40295257560137454 0 0.4058183762886598 0 0.4536763144329897
0 0.062362089788732394 0.4222890945017182 0.0725504735915493 0.4591998195876289 0.07460774471830986 0.45939563230240554 0.07686094366197183 0.45880819415807556 0.07735077112676056 0.46076632302405496 0.12672524999999998 0.4482342989690722 0.1265293186619718 0.4468636099656357 0.13299502464788732 0.4452971065292096 0.128488625 0.43707296563573883 0.12525577112676056 0.429436264604811 0.11506738732394367 0.43726878006872855 0.09243741725352113 0.4421641013745705 0.07558739612676056 0.4328629896907217 0.07068913380281691 0.4175895859106529 0.0652030809859155 0.4181770257731959 0.062362089788732394 0.4222890945017182
0 0.08244496302816902 0.27298178694158076 0.1407342781690141 0.2644639278350515 0.13083979049295774 0.21208398625429553 0.0724525088028169 0.22197253608247425 0.08244496302816902 0.27298178694158076
0 0.16145392605633804 0.3282010137457045 0.17967546126760564 0.3252638213058419 0.18045918309859155 0.3324109914089347 0.20064002112676058 0.3282989209621993 0.19378245422535212 0.2807163951890035 0.19094146302816903 0.28022686254295537 0.1889821584507042 0.27180691065292095 0.15244112499999998 0.27973733161512027 0.16145392605633804 0.3282010137457045
0 0.15694752640845072 0.34641160996563575 0.15733938732394367 0.34890822508591063 0.15660464788732395 0.3492019432989691 0.16084164436619716 0.360069558419244 0.16152739964788732 0.35997165120274915 0.18045918309859155 0.4188134175257732 0.18222255633802817 0.4182749312714777 0.1847696531690141 0.4268906975945017 0.28200014964788733 0.39453262199312716 0.27974695070422534 0.38572104295532644 0.29013126584507043 0.3825880378006873 0.27141990492957746 0.3266834656357388 0.2325277059859155 0.33412435395189005 0.23223380985915493 0.33206831786941576 0.21175907570422536 0.3399008333333333 0.2067628485915493 0.3270750910652921 0.18236950528169016 0.3338306340206186 0.15577194190140847 0.34298488487972506 0.15694752640845072 0.34641160996563575
0 0.20637098767605636 0.27978628350515466 0.21283669366197183 0.27890512542955326 0.21812681514084506 0.310920529209622 0.2149919278169014 0.31180168728522334 0.21910646830985914 0.33294947594501717 0.23184194894366197 0.3304039089347079 0.23223380985915493 0.33206831786941576 0.2325277059859155 0.33412435395189005 0.27141990492957746 0.3266834656357388 0.2943437693661972 0.3218860498281787 0.2819021848591549 0.26196731271477663 0.27435886267605636 0.2627505652920962 0.27279141725352113 0.2554075824742268 0.20480354401408452 0.26921239003436426 0.20637098767605636 0.27978628350515466
0 0.2943437693661972 0.3218860498281787 0.30497299823943663 0.3698112474226804 0.3040423292253521 0.3703007800687285 0.3080099207746479 0.3879728917525773 0.31947185387323945 0.3866022010309278 0.32231284507042257 0.3844482594501718 0.33161954225352114 0.3818047852233677 0.34043641373239436 0.3820005979381443 0.3494492165492958 0.3799445635738832 0.34690211971830986 0.3657481305841924 0.34876345950704224 0.3653565051546392 0.33573408274647887 0.30406707903780067 0.3252518028169014 0.30788542955326464 0.2927786883802817 0.3143486048109965 0.2943437693661972 0.3218860498281787
0 0.36181732746478873 0.19534198625429552 0.3424202095070422 0.1983036563573883 0.3481021936619718 0.25038987800687285 0.3582905792253521 0.25254381958762884 0.44724301408450706 0.24353642783505156 0.46664013028169016 0.24099086082474225 0.46389710387323946 0.22454258075601377 0.46536658274647885 0.221703293814433 0.4668850440140845 0.21254904295532645 0.4659053908450704 0.20941603608247422 0.4635542253521127 0.20481443470790378 0.46272152112676057 0.20089817697594503 0.4602723908450704 0.19786307731958763 0.45860698063380284 0.1800441065292096 0.4405323943661972 0.18063154639175258 0.36152343133802817 0.19049561855670102 0.36181732746478873 0.19534198625429552
0 0.381263426056338 0.2702159295532646 0.3826349401408451 0.270020116838488 0.39292129049295776 0.345603883161512 0.3935090809859155 0.345603883161512 0.3963500721830986 0.36283541408934705 0.3976236214788732 0.3627375085910653 0.3976236214788732 0.36449982474226805 0.43259721126760564 0.3567652164948454 0.4301480792253521 0.3465829467353952 0.4315195933098592 0.3461913213058419 0.42750301760563375 0.32837235051546393 0.42662133098591554 0.32837235051546393 0.41868614788732395 0.2686494278350516 0.42427016549295776 0.266789204467354 0.4216251038732394 0.2485786082474227 0.3785203996478873 0.25347393127147766 0.381263426056338 0.2702159295532646
0 0.4285806355633803 0.26649548625429553 0.4311277323943662 0.26620176632302406 0.43367482746478875 0.2874474621993127 0.44954519718309854 0.28490189518900344 0.4544434577464788 0.31065128694158073 0.4848126813380282 0.3076161872852234 0.48226558626760563 0.2798107611683849 0.4850086126760563 0.2795170412371134 0.48011035035211264 0.24084400171821307 0.4216251038732394 0.2485786082474227 0.42427016549295776 0.266789204467354 0.4285806355633803 0.26649548625429553
0 0.42662133098591554 0.32837235051546393 0.42750301760563375 0.32837235051546393 0.4315195933098592 0.3461913213058419 0.4301480792253521 0.3465829467353952 0.43259721126760564 0.3567652164948454 0.43445854929577465 0.35852753092783507 0.4934336232394367 0.3446248178694158 0.48623317781690145 0.3079588591065292 0.4654155651408451 0.3105533797250859 0.42508316725352113 0.31679560309278354 0.42662133098591554 0.32837235051546393
0 0.3140087165492958 0 0.31567570070422535 0.011106560137457045 0.3178309348591549 0.011106560137457045 0.3198882059859155 0.02853390378006873 0.3386975316901409 0.025890431271477665 0.34114666197183097 0.048898441580756014 0.3898353855633803 0.043024056701030926 0.38454526232394365 0.0014138230240549829 0.3439876531690141 0.006015424398625429 0.3431379066901408 0 0.3140087165492958 0
0 0.4815308468309859 0.36445087113402064 0.48025729753521124 0.3650383092783505 0.48456776936619717 0.38393425085910654 0.4864291091549296 0.3835426254295533 0.4965195281690141 0.4249570446735395 0.5016137200704225 0.42368426116838487 0.505924190140845 0.4388597594501718 0.508471286971831 0.43817441408934704 0.5098427992957747 0.44160113917525773 0.5435428415492958 0.4331811855670103 0.5328646302816901 0.3931374553264605 0.5396242323943662 0.39245210996563573 0.5275745070422536 0.35280000515463916 0.519247463028169 0.35544347938144333 0.5186596707746479 0.35417069587628863 0.481138985915493 0.36298227491408935 0.4815308468309859 0.36445087113402064
0 0.49614825352112674 0.42343321305841924 0.4864291091549296 0.3835426254295533 0.48456776936619717 0.38393425085910654 0.4805612376760563 0.3663706941580756 0.44802673591549297 0.37355616838487976 0.46419099999999996 0.4334749054982818 0.49614825352112674 0.42343321305841924
0 0.4468511531690141 0.3720875721649485 0.4248089735915493 0.37766823883161516 0.42608252288732396 0.3832489054982818 0.42510286971830985 0.3834447182130584 0.43715259330985917 0.4301460859106529 0.43979765492957745 0.4372932560137457 0.4436182992957746 0.4367058178694158 0.4451857429577465 0.43866394501718214 0.46419099999999996 0.4334749054982818 0.44802673591549297 0.37355616838487976 0.4468511531690141 0.3720875721649485
0 0.4459694647887324 0.45334991065292096 0.4544924419014084 0.48370090378006875 0.4652686179577465 0.4811553367697594 0.5141532711267606 0.4677421563573883 0.506316051056338 0.4421885773195876 0.5037689559859154 0.44238439003436425 0.49945848415492955 0.426327735395189 0.4561578503521127 0.4377827886597938 0.458411051056338 0.4496294656357388 0.45547209330985916 0.45070643642611685 0.4459694647887324 0.45334991065292096
0 0.542499528169014 0.4292687182130584 0.5435428415492958 0.4331811855670103 0.5098427992957747 0.44160113917525773 0.5128797218309858 0.45148968900343645 0.5141532711267606 0.45148968900343645 0.5184637411971832 0.4674484364261168 0.5401140580985916 0.4614761443298969 0.5373710316901408 0.4510001563573884 0.5507922693661972 0.44698599312714776 0.5453062147887324 0.4286774896907216 0.542499528169014 0.4292687182130584
0 0.41667785915492955 0.40557157216494844 0.3950275422535211 0.4127187422680412 0.4067833714788732 0.453839443298969 0.41609006866197185 0.48888994501718214 0.44910435387323944 0.48086161855670106 0.44939824823943664 0.4785118642611684 0.42755200176056335 0.4009699690721649 0.41667785915492955 0.40557157216494844
0 0.5217945580985915 0.4697981907216495 0.5243416549295774 0.48781297422680414 0.5278684031690141 0.4974078041237113 0.5296317781690141 0.4964287405498282 0.5335503873239437 0.5073942611683848 0.5367832394366197 0.5065131030927834 0.5402120228873238 0.5192409381443298 0.5407998151408451 0.5192409381443298 0.5410937112676056 0.5203179089347079 0.5792021883802817 0.5079816993127148 0.5832187623239437 0.5055340378006873 0.5672504278169014 0.45844104467353947 0.5217945580985915 0.4697981907216495
0 0.5189045845070422 0.4688191271477663 0.45228822359154935 0.4883025068728522 0.46776673063380286 0.5490044948453608 0.5016627024647887 0.5392138505154639 0.5266438380281689 0.5335352783505155 0.5269377341549296 0.5317729621993128 0.5426121707746479 0.526779733676976 0.5399181267605634 0.5217865068728522 0.5260560457746478 0.5258006701030927 0.525272323943662 0.5232551030927836 0.537811875 0.5197794243986253 0.5335503873239437 0.5073942611683848 0.5296317781690141 0.4964287405498282 0.5278684031690141 0.4974078041237113 0.5243416549295774 0.48781297422680414 0.5217945580985915 0.4697981907216495 0.5189045845070422 0.4688191271477663
0 0.4477328397887324 0.48840041237113396 0.44724301408450706 0.4867360034364261 0.39605617781690144 0.5011772027491409 0.3934111161971831 0.5061704295532645 0.410750963028169 0.5710823934707904 0.4260335404929578 0.5676556683848798 0.42544574823943665 0.5611938453608247 0.43249924471830986 0.5398502422680412 0.4637169330985915 0.5331224261168385 0.45228822359154935 0.4883025068728522 0.4477328397887324 0.48840041237113396
0 0.504111832746479 0.5824395412371134 0.5661238292253521 0.5644247577319588 0.5663197588028169 0.5651101013745704 0.574548838028169 0.5629561597938144 0.5748427341549296 0.5635435996563574 0.5998238697183098 0.5557110841924399 0.5887537975352112 0.5218354587628866 0.5787613433098592 0.5255559037800688 0.5586784700704225 0.5325072594501717 0.495294963028169 0.5489555412371134 0.504111832746479 0.5824395412371134
0 0.6041343397887324 0.5551236460481099 0.6041343397887324 0.5564943367697595 0.5851290845070423 0.5627603470790378 0.5856189102112677 0.5641310378006873 0.5748427341549296 0.568047295532646 0.5817003010563381 0.5896846168384879 0.5913008943661971 0.6169026048109966 0.595023573943662 0.624735118556701 0.6251968661971832 0.6145528505154639 0.621964014084507 0.6057412714776632 0.6225518045774647 0.6043705807560137 0.605211957746479 0.5549278333333334 0.6041343397887324 0.5551236460481099
0 0.561788866197183 0.568634733676976 0.5474859419014084 0.5737258676975945 0.5660503538732394 0.6281618436426116 0.5676667816901408 0.6284555635738832 0.5913253855633803 0.6206230481099656 0.5731528345070422 0.5670437542955327 0.561788866197183 0.568634733676976
0 0.5660503538732394 0.6281618436426116 0.5523176654929577 0.5878938109965636 0.5506208292253522 0.5885586924398626 0.5452327411971831 0.5741664467353952 0.5282847552816902 0.5786701426116838 0.5309786602112676 0.5884666099656357 0.531615573943662 0.5881670670103093 0.5335748785211268 0.5945309845360826 0.535240286971831 0.5943351718213059 0.547192045774648 0.6284066099656357 0.5487594894366197 0.6279170773195877 0.5518453943661973 0.6368755154639175 0.5658054419014085 0.6313927560137457 0.5660503538732394 0.6281618436426116
0 0.5487594894366197 0.6279170773195877 0.547192045774648 0.6284066099656357 0.535240286971831 0.5943351718213059 0.5335748785211268 0.5945309845360826 0.531615573943662 0.5881670670103093 0.5309786602112676 0.5884666099656357 0.5299011813380282 0.5889992714776632 0.5260315545774649 0.5779358436426116 0.5012953327464789 0.5863557972508591 0.5228476848591549 0.6445122182130584 0.5513713626760564 0.6354993917525773 0.5487594894366197 0.6279170773195877
0 0.5004136461267606 0.5848872010309278 0.4945357323943662 0.586453704467354 0.49429081866197183 0.587285908934708 0.4778326584507042 0.5924259965635739 0.46891782218309863 0.5971744587628867 0.47420794542253525 0.6122520481099656 0.47156288380281686 0.6128394879725085 0.48518005105633805 0.6556245979381443 0.4989931496478873 0.6514146219931272 0.4990911144366197 0.652002060137457 0.5228476848591549 0.6445122182130584 0.5012953327464789 0.5863557972508591 0.5004136461267606 0.5848872010309278
0 0.4845922605633803 0.6602751529209623 0.48782511267605627 0.675548556701031 0.48400446830985916 0.676038089347079 0.4802817904929577 0.6786815618556701 0.4824370246478873 0.6934164810996564 0.49125389612676057 0.6921436975945017 0.49213558274647884 0.6952767027491409 0.5004626285211268 0.6935143865979382 0.5016382112676057 0.7024238728522337 0.5267173116197184 0.6962557663230241 0.5179984066901409 0.6545476271477663 0.5170187535211268 0.6483795223367698 0.5092795 0.6502886975945017 0.5092795 0.6514146219931272 0.487335286971831 0.6576806323024055 0.4845922605633803 0.6602751529209623
0 0.5177495193661972 0.652980589347079 0.519492375 0.6525405446735395 0.5297052517605634 0.6954235618556701 0.5711445475352113 0.6859266391752576 0.5590948221830986 0.6460787216494845 0.5410692183098591 0.6511698556701031 0.5381302623239437 0.6421624639175258 0.5167983309859154 0.6475228402061856 0.5170187535211268 0.6483795223367698 0.5177495193661972 0.652980589347079
0 0.5590948221830986 0.6460787216494845 0.5707040088028169 0.6844697972508591 0.6098408151408451 0.6748876890034364 0.5970073697183099 0.6261302852233677 0.5573314489436619 0.637879056701031 0.5590948221830986 0.6460787216494845
0 0.4545659154929578 0.6862937869415807 0.4573579242957746 0.697308261168385 0.45966010739436625 0.6967697749140894 0.46142348239436626 0.7016161443298969 0.4580926637323944 0.7032315996563574 0.4582885933098592 0.7139034020618557 0.4901272957746479 0.7048960103092784 0.4908130528169014 0.7069030910652921 0.4950255580985915 0.706070886597938 0.49213558274647884 0.6952767027491409 0.49125389612676057 0.6921436975945017 0.4824370246478873 0.6934164810996564 0.48175797887323946 0.6887739707903779 0.4777346936619718 0.6793424312714776 0.4545659154929578 0.6862937869415807
0 0.6159146602112676 0.671020384879725 0.6414835862676057 0.6622088058419244 0.6360954982394366 0.6434107697594501 0.610232676056338 0.650557939862543 0.6159146602112676 0.671020384879725
0 0.37315680281690145 0.6301934020618557 0.378446926056338 0.6487956237113403 0.3800143697183099 0.648893530927835 0.39186816373239436 0.6943221151202749 0.3934356073943662 0.6946158350515463 0.3945132253521127 0.698629998281787 0.3924559542253521 0.6996090618556702 0.397158286971831 0.7163510618556701 0.429878676056338 0.7080290154639175 0.4250783785211268 0.6871749450171821 0.42360889964788734 0.6874686649484536 0.40764056690140843 0.6216755429553265 0.37315680281690145 0.6301934020618557
0 0.3714913943661972 0.6304381683848796 0.37095258626760563 0.6287003298969073 0.3385995651408451 0.6378301030927835 0.33943227112676055 0.6422358934707904 0.33590552112676053 0.6430191443298969 0.34668169718309855 0.6869301786941581 0.34996353345070425 0.6921192199312715 0.3485920193661972 0.6948605996563574 0.3517269084507042 0.7058261202749141 0.3550087429577465 0.705091823024055 0.36132749999999997 0.7260927525773196 0.3957622816901409 0.7157146701030928 0.3917946901408451 0.701273470790378 0.3924559542253521 0.6996090618556702 0.3945132253521127 0.698629998281787 0.3934356073943662 0.6946158350515463 0.39186816373239436 0.6943221151202749 0.3800143697183099 0.648893530927835 0.378446926056338 0.6487956237113403 0.37315680281690145 0.6301934020618557 0.3714913943661972 0.6304381683848796
0 0.32370885035211266 0.6592716116838488 0.32076989260563377 0.6491872491408934 0.30891609859154934 0.6507537525773196 0.29911957570422537 0.6550616357388317 0.2980419577464789 0.655942793814433 0.30137277640845067 0.6665166890034364 0.28706985211267605 0.6699434140893471 0.287853573943662 0.6735659518900343 0.28951898239436624 0.673272231958763 0.3010788802816901 0.7204631323024056 0.3216515792253521 0.7166447817869416 0.3234149542253521 0.7208547577319587 0.3369341566901409 0.7170364072164948 0.3392853221830986 0.7210505704467354 0.34418358450704223 0.719092441580756 0.3435957922535211 0.7156657164948453 0.3527065598591549 0.713218056701031 0.34668169718309855 0.6869301786941581 0.3389875774647887 0.6555779793814432 0.32370885035211266 0.6592716116838488
0 0.3061730721830986 0.6324942027491409 0.31959430985915493 0.630242355670103 0.33468095598591546 0.6271093487972509 0.34300800176056334 0.6236826237113402 0.3274315281690141 0.566603175257732 0.3178309348591549 0.5676801460481099 0.3162634911971831 0.5685613041237113 0.31606756161971833 0.5705194329896907 0.29079252992957744 0.5754147542955327 0.3061730721830986 0.6324942027491409
0 0.2605212728873239 0.4752564742268041 0.2590517940140845 0.47545228694158076 0.26982797007042253 0.512558824742268 0.28589426936619716 0.5076635034364261 0.28755967781690145 0.51206929209622 0.3028422552816901 0.5073697835051547 0.30088294894366197 0.501789116838488 0.309797786971831 0.5003205206185567 0.2838369982394366 0.41151938659793813 0.2599334806338028 0.4192539948453608 0.24935323591549294 0.42326815979381444 0.25033288732394365 0.4279676683848797 0.24661020774647888 0.429436264604811 0.2605212728873239 0.4752564742268041
0 0.18361856161971832 0.4492133642611684 0.18851682394366198 0.46527001890034364 0.18567583098591547 0.4662490824742268 0.19351305105633804 0.49278172508591067 0.22593954401408453 0.48308898797250854 0.2572884190140845 0.4712423109965636 0.24327939084507041 0.42659697766323024 0.18361856161971832 0.4492133642611684
0 0.10015217957746479 0.5226431872852234 0.10407078873239436 0.5389935618556702 0.10309113732394366 0.5389935618556702 0.10906701584507042 0.5574978762886599 0.1101446338028169 0.5574978762886599 0.11249579929577465 0.5659178298969072 0.11220190316901409 0.5667989879725086 0.11553272183098591 0.5798205429553265 0.1846961795774648 0.5577915962199312 0.16970749823943662 0.5106986030927835 0.1663766795774648 0.5131462628865979 0.16392754929577466 0.5035514329896907 0.10015217957746479 0.5226431872852234
0 0.11917114612676057 0.5786616838487972 0.11553272183098591 0.5798205429553265 0.11220190316901409 0.5667989879725086 0.11249579929577465 0.5659178298969072 0.1101446338028169 0.5574978762886599 0.10906701584507042 0.5574978762886599 0.10309113732394366 0.5389935618556702 0.10407078873239436 0.5389935618556702 0.10015217957746479 0.5226431872852234 0.08839635035211268 0.5052158419243986 0.06155387676056338 0.5108944158075601 0.06037829401408451 0.5069781580756013 0.03588698415492958 0.514223233676976 0.04803467429577465 0.5662115498281787 0.04656519542253521 0.566603175257732 0.05704747535211267 0.5988143917525773 0.06909719894366197 0.5954855721649485 0.07203615669014084 0.6071364381443299 0.12268418309859155 0.5920588470790379 0.11917114612676057 0.5786616838487972
0 0 0.5413915979381443 0.011052795774647886 0.587065618556701 0.04896534330985916 0.5781071804123711 0.04563452464788732 0.5667010807560137 0.046320281690140845 0.5639597010309277 0.03431954049295775 0.5146148591065293 0 0.5223806580756014 0 0.5413915979381443
0 0.12268418309859155 0.5920588470790379 0.07512136971830985 0.6062179896907216 0.07551392253521128 0.6131087302405498 0.0982418573943662 0.6710693367697596 0.1477632852112676 0.6549147766323024 0.15114308450704225 0.6495788762886598 0.13370527288732395 0.5891706065292096 0.12212278169014085 0.589917910652921 0.12268418309859155 0.5920588470790379
0 0.20639547887323942 0.6283821323024055 0.20365245246478875 0.6283821323024055 0.19708878169014085 0.6050804020618556 0.1993419823943662 0.6043950567010309 0.19365999823943664 0.5826598298969072 0.19130883274647886 0.5813870463917525 0.18797801408450704 0.570911058419244 0.15682506866197182 0.5803100756013745 0.1524166338028169 0.5828556426116839 0.16319280985915494 0.6269135360824742 0.1705402024647887 0.6528587405498282 0.18729225704225352 0.6501173608247424 0.2096283309859155 0.6418932199312715 0.20639547887323942 0.6283821323024055
0 0.21207746302816902 0.6788039450171821 0.2114896707746479 0.6747897817869415 0.18229602992957747 0.6786081323024055 0.18425533450704226 0.6957417577319587 0.1927783116197183 0.7385268694158076 0.19444372007042254 0.7411703419243986 0.19659895598591548 0.7516463298969073 0.2176614806338028 0.7475342611683848 0.23098475352112677 0.7459677577319588 0.24567953873239434 0.743715908934708 0.2358830158450704 0.6927066580756014 0.23833214612676057 0.6917275945017183 0.2325521971830986 0.6739086237113402 0.2140367676056338 0.6785102268041237 0.21207746302816902 0.6788039450171821
0 0.25895382922535215 0.7162531546391753 0.25684757570422534 0.7162531546391753 0.25782722887323944 0.7210995240549828 0.2552801320422535 0.7214911494845361 0.2611580457746479 0.7446460206185567 0.29992778873239434 0.7352959570446735 0.287853573943662 0.6735659518900343 0.28706985211267605 0.6699434140893471 0.28464521126760567 0.6683034810996564 0.26622774647887326 0.6701637027491409 0.26671757394366197 0.6745694914089347 0.2519248221830986 0.6786815618556701 0.25239015669014087 0.6825733436426117 0.25895382922535215 0.7162531546391753
0 0.21479599823943663 0.7637622508591065 0.20313813556338028 0.7663078178694158 0.21315508098591548 0.802092618556701 0.22138416021126758 0.7998407714776633 0.22432311795774648 0.808064912371134 0.23201338908450703 0.805666204467354 0.23220931866197184 0.8066452680412372 0.2683095088028169 0.7989596134020618 0.2745792834507042 0.7972952044673539 0.2811429542253521 0.7970014845360825 0.2740894577464789 0.7531394037800687 0.21450210211267606 0.7612166838487973 0.21479599823943663 0.7637622508591065
0 0.6096203943661972 0.7703709347079037 0.622355875 0.81619114604811 0.6537047500000001 0.806987941580756 0.6414590950704225 0.7621467955326461 0.6096203943661972 0.7703709347079037
0 0.6433694172535211 0.7623426082474227 0.6553701584507042 0.8001834432989691 0.6772164066901409 0.7926936013745705 0.6743754154929578 0.7755110223367698 0.671632389084507 0.7664057250859106 0.6771184419014085 0.7652798006872853 0.6777552165492958 0.7641049243986254 0.6751101549295774 0.7548527663230241 0.6681056408450705 0.7562234553264605 0.666244301056338 0.7526009175257732 0.6519903591549296 0.756761941580756 0.6436633133802816 0.7598949467353951 0.6433694172535211 0.7623426082474227
0 0.5766550915492958 0.7790356546391752 0.5763122130281689 0.7782524037800688 0.5558864612676057 0.7841757422680412 0.5555925651408451 0.7852037594501718 0.5621562359154929 0.809729321305842 0.5606622658450704 0.8103167594501718 0.5713159859154929 0.8473253900343642 0.5923785123239437 0.8411572852233677 0.5918886848591549 0.8397865945017182 0.6105020809859154 0.834499647766323 0.6104041161971832 0.8333247714776633 0.6436143309859155 0.8260796941580756 0.6431245052816901 0.823240408934708 0.6593867341549295 0.8186388058419244 0.6562518468309859 0.8075753797250859 0.6537047500000001 0.806987941580756 0.622355875 0.81619114604811 0.6096203943661972 0.7703709347079037 0.5766550915492958 0.7790356546391752
0 0.6186331954225351 0.8472274845360824 0.6133430721830986 0.8481086426116838 0.6141267940140845 0.8612281030927835 0.6128532464788732 0.861521823024055 0.618437264084507 0.8863900567010309 0.6301930933098592 0.8830612388316151 0.6294093714788732 0.8778721975945017 0.6614440035211268 0.8705292147766324 0.6614440035211268 0.8718999054982818 0.7021975422535212 0.8619134484536082 0.6995524806338028 0.8486960807560138 0.7065080123239437 0.846346326460481 0.7065080123239437 0.8422342560137457 0.6985728292253521 0.8137434845360825 0.6674198838028169 0.820988560137457 0.6683995352112676 0.825296443298969 0.6588969084507043 0.8268629467353952 0.6573294647887324 0.8211843728522337 0.6431245052816901 0.823240408934708 0.6436143309859155 0.8260796941580756 0.6154299066901409 0.83222835395189 0.6186331954225351 0.8472274845360824
0 0.7985953362676056 0.8789981219931272 0.8007505704225352 0.8784596357388316 0.804865110915493 0.8964254656357388 0.8545824683098592 0.8852151804123711 0.8518884242957747 0.855304764604811 0.8476759190140845 0.8558922027491409 0.8468432147887325 0.8514374604810997 0.8437083274647887 0.8514374604810997 0.8437083274647887 0.8531997766323024 0.7952155352112676 0.8640673900343643 0.7985953362676056 0.8789981219931272
0 0.7191945105633802 0.3084973436426117 0.7485840827464789 0.30281877147766323 0.7692547464788733 0.29870670103092783 0.7703323644366198 0.30252505154639175 0.788553897887324 0.29831507560137455 0.8038364753521127 0.2952799759450172 0.7969789084507042 0.26541851374570447 0.7948236742957747 0.26541851374570447 0.7908070985915493 0.24759954295532646 0.7821861584507043 0.2425084089347079 0.7592622922535212 0.24711001202749142 0.7361424964788732 0.2519074261168385 0.7118471179577465 0.2578797182130584 0.7089081619718309 0.2599357542955327 0.7191945105633802 0.3084973436426117
0 0.7204435686619719 0.31111634192439863 0.7516210052816901 0.45288485395189 0.7574989190140845 0.4523463694158075 0.758184676056338 0.4567521580756013 0.7782185669014084 0.45303171305841927 0.7964890827464789 0.44906650343642607 0.7957543433098592 0.44343688316151203 0.8079020334507042 0.44123398797250857 0.7768621443661972 0.3010163848797251 0.7703323644366198 0.30252505154639175 0.7692547464788733 0.29870670103092783 0.7485840827464789 0.30281877147766323 0.7191945105633802 0.3084973436426117 0.7204435686619719 0.31111634192439863
0 0.8286706637323944 0.26979982646048106 0.829797264084507 0.2738139914089347 0.8295033679577465 0.2741077096219931 0.835969073943662 0.30514404810996565 0.8676608274647887 0.29760525429553264 0.8848047447183098 0.2936889965635739 0.8721672288732394 0.23474932474226806 0.8241152799295774 0.24527426632302407 0.8286706637323944 0.26979982646048106
0 0.8518884242957747 0.32531277319587626 0.836801778169014 0.3277604347079038 0.826809323943662 0.33138297250859106 0.8499291197183099 0.43898214089347076 0.8833352658450704 0.43300984879725085 0.9026344172535212 0.42811452749140894 0.9065530264084506 0.42630325773195876 0.8835801778169013 0.3196342010309278 0.8878416654929577 0.31792083848797253 0.8858333785211268 0.30920716494845363 0.8502230158450704 0.3179697920962199 0.8518884242957747 0.32531277319587626
0 0.7010709419014085 0.17497744845360827 0.7030302464788732 0.1919152611683849 0.7072427517605634 0.22637832474226804 0.7337913309859155 0.22079765807560137 0.769744573943662 0.21433583333333334 0.7717038785211268 0.21580442955326462 0.7741530088028169 0.21580442955326462 0.7718998080985916 0.19759383333333333 0.7525026919014085 0.19886661683848797 0.7510332130281689 0.185355529209622 0.7433919242957747 0.1852576237113402 0.7404529665492958 0.1701800326460481 0.7051854823943662 0.1742921030927835 0.7010709419014085 0.17497744845360827
0 0.7404529665492958 0.1701800326460481 0.738101801056338 0.15206734364261168 0.7461349507042253 0.1517736237113402 0.7448614031690141 0.1403185704467354 0.7434898890845071 0.1397311323024055 0.7422163415492958 0.13532534364261167 0.7050875176056338 0.13943741408934707 0.704989551056338 0.13836044329896907 0.6969564014084507 0.1396332268041237 0.6987197764084507 0.15598359965635739 0.7028343169014085 0.15559197422680413 0.7051854823943662 0.1742921030927835 0.7404529665492958 0.1701800326460481
0 0.6903927306338028 0.08764491065292096 0.6962706461267605 0.08735119243986254 0.6982299507042253 0.10135181099656357 0.7011689066901409 0.10272250171821305 0.7224273644366198 0.10037274742268042 0.725856147887324 0.10135181099656357 0.757400954225352 0.0971418350515464 0.7542660651408452 0.07354638487972508 0.7467227429577464 0.07413382302405498 0.7453512288732393 0.06395155498281788 0.7329096443661972 0.06561596391752578 0.6972502975352113 0.06953222164948454 0.6969564014084507 0.06855315635738832 0.6883354612676056 0.06953222164948454 0.6903927306338028 0.08764491065292096
0 0.7881130545774647 0.07070709793814432 0.7911009947183099 0.0967012560137457 0.8547783996478874 0.08813444329896908 0.8518394419014085 0.0653222439862543 0.8527211285211267 0.06424527319587629 0.8511536848591549 0.052790221649484534 0.8419449524647887 0.05445463058419244 0.8046201971830986 0.059349951890034364 0.8054529014084507 0.06860210996563575 0.7881130545774647 0.07070709793814432
0 0.8527211285211267 0.06424527319587629 0.8544845035211267 0.07545556013745704 0.8609502095070423 0.07486812199312715 0.8624196866197182 0.0845608591065292 0.8994505475352113 0.08015506872852234 0.9065040440140846 0.08074250687285224 0.9162515845070421 0.07878437972508591 0.9167903943661971 0.07951867697594502 0.934326170774648 0.07716892268041237 0.931142301056338 0.05352451890034364 0.920757985915493 0.054993116838487975 0.9188966461267606 0.04304853092783505 0.9146841408450703 0.043244343642611684 0.9110594278169014 0.04578991065292096 0.8638891654929578 0.05176220446735395 0.8643300088028169 0.05303498797250859 0.8622727394366198 0.053279754295532646 0.8604113996478874 0.050685233676975944 0.8512516496478874 0.051566391752577316 0.8511536848591549 0.052790221649484534 0.8527211285211267 0.06424527319587629
0 0.8645749225352113 0.0950368470790378 0.8562478767605634 0.09611381786941581 0.8585010774647887 0.10962490549828179 0.8655545757042253 0.10903746563573884 0.8688853926056338 0.11853439003436426 0.9118921320422536 0.11217047250859107 0.9099328274647888 0.09924682302405498 0.918749698943662 0.09875729037800687 0.9160066725352113 0.0810362268041237 0.9028793292253522 0.08240691752577319 0.9028793292253522 0.08416923195876289 0.8643789911971831 0.08974989862542955 0.8645749225352113 0.0950368470790378
0 0.869081323943662 0.13537429553264604 0.8685914964788732 0.14056333676975946 0.8633993397887324 0.14164030756013746 0.8649667834507042 0.15769696219931273 0.878094125 0.15397651890034364 0.9084633485915492 0.1502560738831615 0.9084633485915492 0.15201839003436426 0.9239418556338029 0.15074560652920962 0.924823542253521 0.14957072852233677 0.9226683080985916 0.13145803951890034 0.9143412623239436 0.1304789742268041 0.9122839929577465 0.11951345532646049 0.9085613133802817 0.11951345532646049 0.9074836954225353 0.11726160652920962 0.8677098098591549 0.12303808591065292 0.869081323943662 0.13537429553264604
0 0.8211763221830987 0.1272480618556701 0.8240173151408451 0.14438168728522335 0.817649573943662 0.1461440034364261 0.8213722535211267 0.16229856529209621 0.8557580510563381 0.15769696219931273 0.8577173556338028 0.15524930240549828 0.8549743292253521 0.1400738058419244 0.8607542781690141 0.13909474054982818 0.8580112517605634 0.12342971134020618 0.8241152799295774 0.12822712714776632 0.8239193485915494 0.12675853092783507 0.8211763221830987 0.1272480618556701
0 1 0.10133071821305842 0.9951625827464788 0.10208610996563573 0.9899704260563381 0.10766677663230241 0.9918317658450705 0.12528993470790378 0.983014894366197 0.1263669054982818 0.9816433802816902 0.1274438762886598 0.9768430845070422 0.12793340721649485 0.9797820404929578 0.15231210824742267 1 0.1496228436426117 1 0.10133071821305842
0 0.9577492728873239 0 0.9588664630281691 0.01020092439862543 0.9608257676056339 0.01020092439862543 0.9622952464788733 0.025572233676975944 0.9603359419014085 0.02615967182130584 0.9635687940140846 0.054552537800687285 0.9875702764084507 0.05161534364261169 0.9854150422535211 0.03438381271477663 0.9956524084507042 0.03237673024054983 0.9911635264084506 0 0.9577492728873239 0