0 0.12243005343511451 0.8023521195928753 0.13255889312977098 0.7654831399491094 0.1441057709923664 0.7675089083969466 0.13944650636132316 0.7899949338422392 0.1799618676844784 0.8019469643765904 0.18624174809160304 0.7798660916030534 0.21156384987277355 0.7865511272264631 0.22108496183206108 0.754949145038168 0.22331330534351146 0.7529233765903308 0.23040349363867685 0.7255755063613232 0.18624174809160304 0.7115977073791349 0.1882675165394402 0.7051152493638677 0.1447135038167939 0.6915426030534352 0.1366104300254453 0.7148389363867684 0.1181759389312977 0.710179669211196 0.11554244274809161 0.7128131679389313 0.09589249109414759 0.707748748091603 0.07685026972010178 0.7892859134860051 0.12243005343511451 0.8023521195928753
0 0.1447135038167939 0.6915426030534352 0.1882675165394402 0.7051152493638677 0.21723600254452927 0.7142312061068702 0.2332395699745547 0.710179669211196 0.2551178651399491 0.6396829389312977 0.22250299745547075 0.6297566743002544 0.211766427480916 0.6601431959287533 0.16112222391857506 0.6453550890585241 0.15160111450381678 0.6767544961832062 0.147347 0.6765519185750636 0.14228258015267176 0.6899219872773537 0.1447135038167939 0.6915426030534352
0 0.22655453435114503 0.920251824427481 0.2840863486005089 0.929165203562341 0.2879353078880407 0.9072869083969466 0.2893533460559796 0.8904730330788804 0.26180290076335877 0.8831802671755726 0.23546791348600507 0.8801416157760814 0.22655453435114503 0.920251824427481
0 0.34263104834605596 0.7334760025445293 0.35701400254452925 0.7367172315521628 0.36268615267175575 0.719498203562341 0.3389846666666667 0.7105848218829517 0.3442516615776081 0.693973524173028 0.33432539949109413 0.6775648015267175 0.3359460127226463 0.672297806615776 0.3503289669211196 0.6670308091603053 0.3511392748091603 0.6506220865139949 0.33736405089058524 0.6463679745547074 0.3395923969465649 0.637454592875318 0.30778783715012725 0.6277309058524173 0.2980641501272265 0.6421138600508907 0.2901636539440204 0.6680436921119594 0.2879353078880407 0.668448844783715 0.2725394707379135 0.7109899770992366 0.24296325699745547 0.8076191170483461 0.3110290661577608 0.8280793740458016 0.3389846666666667 0.7375275394402036 0.34101043256997454 0.7385404223918575 0.34263104834605596 0.7334760025445293
0 0.27456523918575065 0.5920773867684478 0.25369982697201016 0.6548761984732825 0.2539024045801527 0.6589277353689568 0.2577513638676845 0.6597380432569974 0.25552301781170483 0.6660179236641222 0.28206058015267177 0.6759441882951654 0.2927971526717557 0.6425190152671756 0.30515433842239187 0.6255025623409669 0.31143421882951655 0.6040294198473283 0.27456523918575065 0.5920773867684478
0 0.30880072010178117 0.5902541959287532 0.3096110279898219 0.5908619262086514 0.3068762417302799 0.6000791730279899 0.3630913053435115 0.6139556844783715 0.3586346157760814 0.633403058524173 0.38334898727735367 0.6408983994910942 0.397326786259542 0.5829614300254452 0.31508060050890585 0.5671604402035624 0.30880072010178117 0.5902541959287532
0 0.34445423918575063 0.6745261501272265 0.3428336259541984 0.6826292239185751 0.35134184987277356 0.6955941399491093 0.3549882340966921 0.6974173307888041 0.35438050381679387 0.7024817506361324 0.3685608804071247 0.7089642086513994 0.35985007633587784 0.7389455776081425 0.3435426437659033 0.7350966183206107 0.3397949720101781 0.7428958244274809 0.30677495165394403 0.8563388396946564 0.31204194910941474 0.8586684732824427 0.3100161806615776 0.8688986005089059 0.34192203053435116 0.8790274427480916 0.343947796437659 0.877508117048346 0.3710930890585242 0.8848008804071247 0.37879101017811706 0.8542117837150128 0.38608377353689566 0.8531988982188295 0.41647029516539436 0.7557594529262086 0.41221618320610687 0.7537336844783714 0.41565998982188296 0.7409713460559796 0.39297138676844784 0.732868272264631 0.40046672773536895 0.7038997888040712 0.40998783715012727 0.7045075190839696 0.41626772010178115 0.6858704529262086 0.356001117048346 0.667435961832061 0.34445423918575063 0.6745261501272265
0 0.3475941806615776 0.9204543994910942 0.3775755470737914 0.9295703562340967 0.38466573791348596 0.899588989821883 0.3558998295165394 0.8922962239185751 0.3475941806615776 0.9204543994910942
0 0.16021062849872775 0.404086106870229 0.2286815903307888 0.42515409414758265 0.2542062697201018 0.3323739134860051 0.18816622900763358 0.31373684732824425 0.16021062849872775 0.404086106870229
0 0.33746533842239185 0.3447310992366412 0.3352369949109415 0.344528524173028 0.32227207888040715 0.39740107124681934 0.38466573791348596 0.41259433333333334 0.3982383842239186 0.3607346692111959 0.394997155216285 0.3595192061068702 0.4006693053435115 0.33561514249363866 0.4031002264631043 0.33561514249363866 0.41849606361323155 0.2774755979643766 0.41221618320610687 0.27504467684478373 0.42112956234096693 0.23939115776081424 0.41565998982188296 0.22987004834605596 0.38689408142493636 0.22298243511450383 0.38223481424936384 0.229464893129771 0.3700802061068702 0.2641055292620865 0.3583307506361323 0.26147203053435114 0.33746533842239185 0.3447310992366412
0 0.2768948727735369 0.332475203562341 0.33229963104325694 0.3467568676844784 0.33543957251908396 0.3412872951653944 0.34860706361323157 0.2827425954198473 0.35184829262086514 0.27058798727735367 0.29593709414758274 0.2569140508905853 0.2768948727735369 0.332475203562341
0 0.35610240712468194 0.25519215012722646 0.35103798473282444 0.2533689567430025 0.3540766386768448 0.23999888804071248 0.3405039923664122 0.23412416030534353 0.3437452213740458 0.2183231679389313 0.3494173715012722 0.21022009669211197 0.3352369949109415 0.20637113740458016 0.33847822391857507 0.19867321882951655 0.3477967557251908 0.17152792620865143 0.3392885318066158 0.16909700254452928 0.3036350127226463 0.15917074045801527 0.2908726717557252 0.2045479465648855 0.284795368956743 0.23088293129770993 0.28641598218829517 0.23128808396946562 0.2809464096692112 0.25154576590330785 0.35184829262086514 0.27058798727735367 0.35610240712468194 0.25519215012722646
0 0.5609075623409668 0.28436320865139947 0.5515890305343512 0.3532393256997456 0.5682003282442748 0.3568857099236641 0.5682003282442748 0.3583037455470738 0.6463949770992367 0.3732944300254453 0.6490284758269721 0.3655965114503817 0.6544980508905852 0.3431104860050891 0.6587521628498727 0.33541256743002545 0.6654371984732824 0.29368174300254457 0.6281630661577609 0.28497094147582697 0.5973713893129771 0.2744369465648855 0.5767085547073791 0.2734240610687023 0.5609075623409668 0.28436320865139947
0 0.4804845699745547 0.7330708498727735 0.48291549109414755 0.7371223842239186 0.4802819923664122 0.7600135648854962 0.6119569211195929 0.7948567760814249 0.6178316488549619 0.7750042493638676 0.6212754529262087 0.7587981043256997 0.6044615776081426 0.754949145038168 0.6115517659033078 0.7217265470737914 0.5923069694656489 0.7164595496183206 0.5955481984732824 0.6972147531806616 0.5116813969465649 0.6801983002544529 0.5094530534351145 0.6874910661577608 0.49284175572519084 0.6838446844783715 0.4804845699745547 0.7330708498727735
0 0.46184750127226465 0.9147822493638678 0.5295081577608143 0.9315961246819339 0.5361931933842239 0.908097213740458 0.5333571170483461 0.9046534096692113 0.534775155216285 0.8979683740458015 0.5365983460559797 0.8979683740458015 0.5422704961832061 0.8738617328244275 0.5372060763358778 0.8720385419847327 0.5388266895674301 0.8590736259541984 0.5108710916030534 0.8509705547073791 0.4804845699745547 0.8455009796437659 0.46184750127226465 0.9147822493638678
0 0.5459168804071247 0.833751524173028 0.540244727735369 0.854819513994911 0.5444988422391858 0.8558323969465649 0.5424730737913486 0.869202465648855 0.544701417302799 0.8726462722646311 0.5827858600508906 0.8833828447837151 0.570226096692112 0.9366605445292621 0.5945353129770993 0.9417249643765904 0.5989920050890586 0.9405095038167939 0.6109440356234097 0.8868266488549619 0.6158058804071247 0.8742668880407124 0.6196548396946565 0.8724436946564885 0.625326989821883 0.8538066284987277 0.6050693078880407 0.8430700585241729 0.589876048346056 0.8432726335877863 0.5513864529262086 0.8309154503816795 0.5459168804071247 0.833751524173028
0 0.6216806081424937 0.8201788778625955 0.6320120254452927 0.8236226844783715 0.6348480992366412 0.8331437938931296 0.6068924987277353 0.9275445877862595 0.634645524173028 0.9350399312977099 0.6293785267175572 0.9538795750636132 0.6702990407124683 0.9648187226463105 0.6788072671755725 0.9419275419847328 0.6952159898218829 0.9447636183206107 0.7083834834605598 0.8951322977099236 0.7095989440203563 0.8939168371501273 0.7181071704834605 0.8649483536895675 0.7124350178117048 0.8631251628498728 0.7142582111959288 0.854819513994911 0.7108144045801527 0.8525911679389313 0.7162839770992366 0.8215969160305343 0.6265424503816793 0.8005289262086513 0.6216806081424937 0.8201788778625955
0 1 0.7075832391857507 0.927976748091603 0.6925554860050891 0.9166324452926209 0.7458331882951653 0.9137963715012724 0.7456306106870229 0.909744834605598 0.7559620279898218 0.9069087582697201 0.7699398295165394 0.9050855674300254 0.7723707506361323 0.8862459236641221 0.7703449821882953 0.8755093536895674 0.8173428015267175 0.8955644580152672 0.8213943384223918 0.8902974605597965 0.8475267480916031 0.9650483027989821 0.8625174325699746 0.9784183740458015 0.79971862086514 1 0.8023505267175572 1 0.7624416463104325 0.985103407124682 0.7592032569974554 0.9895600992366411 0.7350966157760814 1 0.7370430381679389 1 0.7075832391857507