0 0.7234024147582697 1 0.7257446666666666 0.9924704580152671 0.7050818320610687 0.9872034605597965 0.6848241501272265 0.9616787811704834 0.6580840127226464 0.9537782875318066 0.6522092849872773 0.9730230839694657 0.6420804427480916 0.9754540050890586 0.6346636692111959 1 0.7234024147582697 1
0 0.6295832493638677 1 0.639244368956743 0.97150375826972 0.6473474402035624 0.9691741246819338 0.6537286106870229 0.9503344809160306 0.652715727735369 0.948713865139949 0.6222279160305344 0.940205641221374 0.5863718193384224 0.927848455470738 0.5786739007633588 0.9521576717557252 0.5606445648854962 0.948713865139949 0.5478822264631044 0.9892292290076335 0.565911562340967 0.9955091094147582 0.5671270229007633 0.9987503384223919 0.5667223715012722 1 0.6295832493638677 1
0 0.5994380254452927 0.896449048346056 0.6713527938931299 0.9201505368956744 0.6897872824427481 0.8593774910941475 0.6166570534351146 0.8377017735368957 0.5994380254452927 0.896449048346056
0 0 1 0.012750715012722647 1 0.013585882951653944 0.9964207048346057 0 0.9926796641221374 0 1
0 0 0.9907754631043256 0.002039005089058524 0.9814300203562341 0 0.9809990966921119 0 0.9907754631043256
0 0.07009614503816794 1 0.07010481424936386 0.9996619338422392 0.015915516539440205 0.988418921119593 0.013585882951653944 0.9964207048346057 0.012750715012722647 1 0.07009614503816794 1
0 0 0.8062803893129772 0.0012286972010178117 0.8066062315521628 0.021081226463104324 0.7273986972010178 0.003862195928753181 0.7227394300254453 0.0032544656488549617 0.7249677760814249 0 0.7254499185750636 0 0.8062803893129772
0 0 0.6871045852417303 0.007103424936386769 0.6650050407124682 0 0.662387989821883 0 0.6871045852417303
0 0.019982577608142493 0.7317820814249364 0.0012286972010178117 0.8066062315521628 0.047213633587786255 0.8167350712468193 0.05551928498727735 0.7816892824427482 0.06645843256997455 0.7440099974554708 0.06220431806615776 0.7438074198473281 0.060583704834605595 0.7500873002544529 0.037489946564885496 0.7425919592875319 0.035869333333333336 0.7365146539440204 0.019982577608142493 0.7317820814249364
0 0.07658727226463104 0.7620393333333333 0.08570322900763358 0.7318553867684479 0.08874188040712469 0.7318553867684479 0.10231452671755725 0.6783751094147583 0.0753718117048346 0.6682462697201018 0.06909193129770992 0.6793879923664122 0.053696091603053435 0.6765519185750636 0.040123445292620866 0.7201059338422391 0.040123445292620866 0.7348940407124682 0.04295952162849873 0.7395533078880407 0.05734247582697201 0.7452254580152672 0.0598746844783715 0.743503554707379 0.06220431806615776 0.7438074198473281 0.06645843256997455 0.7440099974554708 0.06257234096692112 0.7573954249363868 0.07658727226463104 0.7620393333333333
0 0.3342649770992367 0.8099487480916031 0.3707288040712468 0.8200775903307889 0.3804524910941476 0.7767261526717557 0.40881324427480914 0.7844240712468193 0.4039514020356234 0.8028585597964377 0.3926070992366412 0.8006302162849872 0.38571948854961835 0.8229136641221375 0.4823486284987277 0.8462099974554707 0.4843743944020356 0.8385120788804072 0.4953135445292621 0.8324347760814249 0.5030114631043257 0.7823983027989821 0.43008380916030536 0.7641663893129771 0.43251473282442743 0.7503911653944021 0.3500659694656489 0.7317540992366413 0.3342649770992367 0.8099487480916031
0 0.6863434783715012 0.5846833333333333 0.6826970941475827 0.5844807557251909 0.6804687506361323 0.6140569720101781 0.7238201882951655 0.6237806590330789 0.7394186030534352 0.5579431933842239 0.7384057175572519 0.5565251577608142 0.7394186030534352 0.5536890814249363 0.7479268295165394 0.5123634122137405 0.7021444681933842 0.5032474554707379 0.6863434783715012 0.5846833333333333
0 0.7302013562340967 0.6165891806615776 0.734252893129771 0.6170956234096692 0.7339490279898219 0.6261102926208651 0.7891512086513994 0.6390752086513994 0.7962413969465648 0.608891262086514 0.7950259363867684 0.6078783791348601 0.7936079007633587 0.601395921119593 0.7362786615776081 0.5907606386768447 0.7302013562340967 0.6165891806615776
0 0.7385070076335878 0.5849871984732824 0.80555993129771 0.5995727302798982 0.81447331043257 0.5588547888040712 0.7563337659033079 0.5483207964376591 0.7520796539440203 0.5578419058524173 0.7457997709923664 0.5580444834605598 0.7385070076335878 0.5849871984732824
0 0.6228356463104325 0.2969229720101781 0.603388272264631 0.28983278371501275 0.5873847048346056 0.32690434096692117 0.5881950127226463 0.3285249541984733 0.5857640890585242 0.33439968193384223 0.5881950127226463 0.3366280279898219 0.5821177073791348 0.3550625165394402 0.6645664707379135 0.38625934605597967 0.6724669669211196 0.36195012977099233 0.6929272239185751 0.369242893129771 0.7069050229007633 0.3285249541984733 0.689483417302799 0.32204249618320613 0.6886731119592875 0.319003844783715 0.6979916437659034 0.2957075114503817 0.6327619109414758 0.2713982926208652 0.6228356463104325 0.2969229720101781
0 0.49095814249363867 0.3358177201017811 0.5736094809160306 0.3708635089058524 0.5821177073791348 0.3550625165394402 0.5881950127226463 0.3366280279898219 0.5857640890585242 0.33439968193384223 0.5873966335877863 0.330454368956743 0.5059488269720102 0.29834101017811704 0.49095814249363867 0.3358177201017811
0 0.839997989821883 0.29489720356234095 0.8424289109414759 0.2965178193384224 0.8420237582697202 0.30198739185750634 0.9514152366412213 0.32730949363867684 0.9538461577608143 0.32244765139949105 0.9684316895674301 0.26106687531806616 0.8539757888040712 0.23878342748091602 0.839997989821883 0.29489720356234095
0 0.7421533893129771 0.10022088804071247 0.8195377302798982 0.13101256234096692 0.8349335699745547 0.09191523664122137 0.7782120610687022 0.06821375063613232 0.7751734096692112 0.07206270992366412 0.75349768956743 0.06517509923664122 0.7421533893129771 0.10022088804071247
0 0.7660574529262087 0.04187876590330789 0.8397954122137405 0.07226528753180662 0.8584324783715013 0.02688808142493639 0.7797869338422391 0.002675776081424936 0.7660574529262087 0.04187876590330789
0 0 0.5386973842239186 0.005178946564885496 0.5377868015267175 0.016725824427480915 0.5041590508905853 0 0.4992346972010178 0 0.5386973842239186
0 0 0.6207028193384224 0.06321720356234097 0.6453550890585241 0.08894445801526717 0.5637166335877862 0.024930185750636134 0.5432563765903308 0 0.543126193384224 0 0.6207028193384224
0 0.07415635114503817 0.648191165394402 0.0784104631043257 0.6532555852417303 0.14404535114503816 0.6725003816793893 0.16916487531806618 0.5902541959287532 0.09968102798982188 0.567565592875318 0.07415635114503817 0.648191165394402
0 0 0.4844261323155216 0.027968837150127223 0.49342247837150127 0.039110562340966916 0.46202307379134855 0.04214921374045802 0.46263080407124685 0.06281204834605597 0.40894794910941473 0.06240689567430025 0.404693834605598 0 0.38442356488549617 0 0.4844261323155216
0 0.06524297201017812 0.40206033842239186 0.06666100763358779 0.4032757989821883 0.06726874045801527 0.4069221806615776 0.049441979643765906 0.4593895750636132 0.0455930203562341 0.4687081094147583 0.04376982951653944 0.4687081094147583 0.033640987277353686 0.49889205343511456 0.06362235623409669 0.5086157404580153 0.09806041475826972 0.39740107124681934 0.06969966157760815 0.38889284478371505 0.06524297201017812 0.40206033842239186
0 0 0.36207636895674294 0.09998489567430024 0.3953753027989822 0.10049133587786259 0.39699591603053436 0.11507686768447838 0.4018577608142494 0.10575833333333334 0.4283953231552163 0.14242473536895675 0.4401447786259542 0.1476917328244275 0.4194819440203562 0.1452608117048346 0.4186716361323155 0.14465308142493638 0.41522782951653947 0.14242473536895675 0.4136072162849873 0.15316130788804072 0.3767382366412214 0.1564025368956743 0.3734970076335878 0.21636527226463106 0.39112118829516535 0.23479976335877864 0.3331842213740458 0.18901740458015268 0.3208270356234097 0.18496586768447837 0.3341971043256997 0.17787567938931298 0.33743833333333334 0.1493123486005089 0.33034814503816795 0.1450582340966921 0.32325795674300256 0.07192800508905853 0.2999616234096692 0.009129193384223919 0.27970394147582694 0.00305189058524173 0.29753070229007633 0 0.2968340763358779 0 0.36207636895674294
0 0 0.2134621857506361 0.015206498727735369 0.22014635877862593 0.016421959287531807 0.22176697455470737 0.013991038167938933 0.22298243511450383 0.0012286972010178117 0.25276122646310434 0.08347488295165395 0.28416063358778626 0.07922077099236641 0.2981384325699745 0.13573970229007634 0.31859868956743004 0.14971750127226463 0.3231060254452926 0.18111690839694655 0.2443036437659033 0.17969887022900763 0.23498511195928753 0.008724040712468194 0.16443773536895676 0 0.19918603053435113 0 0.2134621857506361
0 0.1681519923664122 0.28340096946564886 0.16946874045801527 0.29403625190839694 0.2306469389312977 0.3143952213740458 0.24280154707379134 0.3090269363867684 0.2511071959287532 0.2827932391857506 0.17686279389312978 0.2589904631043257 0.1681519923664122 0.28340096946564886
0 0.044377559796437656 0.14666162086513995 0.07294089058524172 0.15739819338422392 0.07476408142493639 0.15435953944020356 0.09481918575063612 0.16205745801526716 0.09745268447837149 0.16165230534351144 0.10839183206106871 0.16428580407124685 0.12196447837150128 0.12924001526717557 0.10859440966921119 0.12437817302798983 0.1092021399491094 0.12052921374045801 0.06585070229007634 0.10493079898218828 0.0646352417302799 0.10817202798982188 0.06017854961832061 0.10594368193384224 0.044377559796437656 0.14666162086513995
0 0.1193309796437659 0.1571956157760814 0.10636606361323155 0.18737955979643767 0.10980987022900764 0.19730582442748093 0.1782808320610687 0.22262792620865138 0.19772820610687022 0.17400949109414757 0.16774683715012725 0.16104457506361322 0.16957003053435116 0.15415696437659032 0.13290362595419847 0.140786893129771 0.1193309796437659 0.1571956157760814
0 0.11406398218829517 0.11992148091603054 0.11507686768447838 0.1227575572519084 0.1270288982188295 0.12620136386768446 0.12601601526717557 0.13288639694656487 0.17260868193384224 0.15162475318066157 0.17129193129770992 0.1554737124681934 0.17200095165394402 0.15820849872773537 0.21747944529262084 0.17704814249363868 0.22375932569974555 0.17157856997455473 0.23854743511450383 0.1276194020356234 0.20167845292620865 0.11445190839694656 0.20309649109414757 0.10979264122137404 0.15407290330788806 0.08912980661577607 0.12783920610687025 0.08548342493638676 0.11406398218829517 0.11992148091603054