0 0 0.45606736132315523 0.06587586259541985 0.48777232061068704 0.12435370229007632 0.35756166666666667 0.11811606615776082 0.3521037353689567 0.12786237150127228 0.3294923053435114 0.10174226972010178 0.313898213740458 0.06938453435114504 0.30454176081424933 0.05028177353689567 0.3427472824427481 0.04521369211195929 0.3423574300254453 0 0.43784605089058526 0 0.45606736132315523
0 0.15690636386768447 0.43806615776081426 0.16099981424936388 0.4454733511450381 0.2274696234096692 0.47081374809160303 0.2294188854961832 0.46964419083969466 0.24189415776081424 0.43358285750636133 0.23819055979643766 0.42208221628498727 0.17425479134860053 0.3961570407124682 0.15690636386768447 0.43806615776081426
0 0.1403376437659033 0.4788057201017812 0.20973134605597965 0.5060953765903308 0.21343494147582695 0.5016120763358779 0.21460449872773538 0.5018070025445293 0.2181131679389313 0.4961541450381679 0.21986750381679387 0.4963490712468194 0.2272746972010178 0.47607675318066156 0.225910213740458 0.473737641221374 0.15398247328244274 0.4460581297709924 0.1403376437659033 0.4788057201017812
0 0.4502701882951654 0.6760709618320612 0.4845771857506362 0.6854274147582697 0.49724738422391856 0.6478066717557251 0.5046545776081425 0.6261698727735369 0.5097226564885496 0.6261698727735369 0.5145958091603053 0.6105757811704834 0.5105023613231552 0.6092112977099237 0.5120617709923664 0.6031685877862595 0.47366132315521625 0.5930324300254453 0.4502701882951654 0.6760709618320612
0 0.5046545776081425 0.6261698727735369 0.503016165394402 0.6309557582697201 0.4882162493638677 0.6853542340966922 0.4902420178117048 0.6858944402035623 0.4851100737913486 0.7075026335877863 0.5350790203562341 0.7201974452926209 0.5564171094147582 0.6410574376590331 0.5097226564885496 0.6261698727735369 0.5046545776081425 0.6261698727735369
0 0.442028737913486 0.5250484503816794 0.44608027480916035 0.5255886564885496 0.44662047837150126 0.5315309083969466 0.5797809694656489 0.5688050407124682 0.5835624045801526 0.5669143256997455 0.5873438371501273 0.5590813536895675 0.5889644529262087 0.5536793053435115 0.6086819287531806 0.5544896132315522 0.6227272544529262 0.5112732264631042 0.6035499821882951 0.5045206666666667 0.6081417226463104 0.49236605852417303 0.5614140050890586 0.48129186005089064 0.5681665648854961 0.4575228473282443 0.5219790534351145 0.44617854452926203 0.5163069007633588 0.4669764300254453 0.4652575445292621 0.4532012086513995 0.442028737913486 0.5250484503816794
0 0.6086819287531806 0.5544896132315522 0.6113829516539441 0.5631328905852417 0.5949067048346056 0.6176935801526717 0.6621622061068702 0.6371409541984733 0.675397223918575 0.6374110559796438 0.728877503816794 0.4721083765903308 0.6462261628498728 0.4437476234096692 0.6227272544529262 0.5112732264631042 0.6086819287531806 0.5544896132315522
0 0.7818175776081424 0.5461839643765903 0.7848562290076335 0.5536793053435115 0.8209149007633587 0.5625926870229008 0.8270934936386769 0.5636055699745547 0.8280050890585242 0.5596553231552163 0.8345888371501272 0.560769496183206 0.8358042977099237 0.558743727735369 0.8752054885496183 0.5686699898218829 0.8954631679389313 0.4914882239185751 0.8028855648854961 0.46819189058524174 0.7818175776081424 0.5461839643765903
0 0.8103809083969465 0.5884212290076336 0.8264857633587785 0.5936882264631043 0.8244599949109416 0.6028041832061068 0.8745977582697202 0.617896155216285 0.8883729796437659 0.5775833715012723 0.8352978549618321 0.5642133002544529 0.8322592035623411 0.5717086437659034 0.8196994402035623 0.5686699898218829 0.8195981526717557 0.5666442213740458 0.8161543460559796 0.5667455114503817 0.8103809083969465 0.5884212290076336
0 1 0.004850508905852417 0.9842424554707379 0.0028223104325699744 0.9805960737913486 0.02875214249363868 1 0.031166455470737913 1 0.004850508905852417
0 1 0.03553146564885496 0.981811534351145 0.03239852417302799 0.9801909211195929 0.03401913994910941 0.9722904249363868 0.0879045699745547 1 0.0915712417302799 1 0.03553146564885496
0 0.7063839847328244 0 0.693038290076336 0.045566017811704836 0.6983052849872774 0.04738920865139949 0.6956717888040713 0.05285878117048346 0.6914176743002545 0.05184589821882951 0.6772372977099237 0.10512360050890586 0.6869609847328244 0.10755452162849873 0.6879738676844784 0.10390813994910941 0.7120805089058524 0.11039059796437659 0.7118779338422392 0.11687305597964377 0.7367948804071247 0.1251787048346056 0.7313253078880407 0.14361319338422393 0.771840669211196 0.15516007124681933 0.7775128193384224 0.1357126972010178 0.8038478066157762 0.14199258015267174 0.8155972595419847 0.10451587022900763 0.8324111348600509 0.038880982188295166 0.7576602926208651 0.017002687022900764 0.7179552366412214 0.004442923664122138 0.7191669440203562 0 0.7063839847328244 0
0 0.6353884198473283 0 0.6283149974554707 0.025916066157760816 0.693038290076336 0.045566017811704836 0.7063839847328244 0 0.6353884198473283 0
0 0.6908099440203562 0.04961755216284987 0.621731251908397 0.03179079389312977 0.6235544427480916 0.019636185750636134 0.6093740661577608 0.017002687022900764 0.5998529567430025 0.05589743511450382 0.6170719847328244 0.060759277353689564 0.6022838778625954 0.1069467913486005 0.6436095470737914 0.11849366921119593 0.649889427480916 0.10147721628498728 0.6531306564885496 0.09965402544529262 0.6772372977099237 0.10512360050890586 0.6914176743002545 0.05184589821882951 0.6908099440203562 0.04961755216284987
0 0.36319141730279897 0 0.36192648854961834 0.003632615776081425 0.3738785216284987 0.008494460559796437 0.3684089465648855 0.021864529262086513 0.32343689567430023 0.00869703816793893 0.30115344529262084 0.07129327226463104 0.37529655979643767 0.10086948600508906 0.3690166768447837 0.11626532315521629 0.403049582697201 0.12923023918575063 0.44275463867684484 0.019433608142493636 0.45734016793893134 0.024700605597964376 0.46617406615776086 0 0.36319141730279897 0