0 1 0.972037865139949 0.9918390865139949 0.9710177506361324 0.9885978575063613 0.9953269669211195 1 0.9966977150127226 1 0.972037865139949
0 0.7191669440203562 1 0.7191706972010178 0.9999862340966922 0.7072186666666667 0.9971501577608143 0.7063839847328244 1 0.7191669440203562 1
0 0.7063839847328244 1 0.7072186666666667 0.9971501577608143 0.7088392798982189 0.9900599694656489 0.6614363053435114 0.9766899007633588 0.6403683180661578 0.981754320610687 0.6353884198473283 1 0.7063839847328244 1
0 0.6669058804071247 0.9594708727735368 0.6561693104325701 0.953190989821883 0.5483984452926208 0.9157142798982189 0.5499177709923664 0.9102447073791349 0.5532602875318067 0.9116627430025446 0.5532602875318067 0.9130807811704835 0.6235544427480916 0.9378964402035623 0.6227441348600509 0.9336423282442747 0.6411786259541985 0.8799594732824427 0.6415837786259542 0.8734770152671756 0.6375322417302799 0.8671971348600509 0.5706818956743003 0.8434956463104325 0.5682509720101782 0.8453188371501272 0.532192300254453 0.9429608625954199 0.5348257989821883 0.9459995139949109 0.6379373969465649 0.9830710712468193 0.6402670305343512 0.9789182468193385 0.6619427480916031 0.9744615547073792 0.6669058804071247 0.9594708727735368
0 0.6640698040712467 0.9530897022900764 0.6667033027989823 0.9505574910941476 0.6697419567430026 0.9507600687022901 0.7124856641221374 0.8292139821882952 0.6693368015267176 0.8148310279898219 0.6541435419847329 0.8506871246819339 0.6460404681933842 0.8485600661577608 0.6404696055979644 0.8639559058524173 0.6476610839694656 0.8762118015267176 0.6282137099236641 0.9317178473282444 0.6272008244274809 0.9377951526717557 0.6640698040712467 0.9530897022900764
0 0.6552577124681933 0.840963437659033 0.6635633638676844 0.8140207201017812 0.596915592875318 0.7909269643765903 0.5859764427480917 0.8024738422391858 0.578278524173028 0.8221237938931297 0.6445211424936387 0.8456227022900763 0.6552577124681933 0.840963437659033
0 0.46617406615776086 1 0.4782055801526718 0.9663584834605599 0.38562797709923663 0.9355668066157761 0.36319141730279897 1 0.46617406615776086 1
0 0 0.9731014325699745 0.0675823816793893 0.9995810814249364 0.07912925954198473 0.9710177506361324 0.0856117175572519 0.971422903307888 0.11701112468193384 0.8899870254452926 0.018153638676844785 0.8504845470737914 0 0.8998940152671755 0 0.9158196005089059 0.017545908396946565 0.9223993155216285 0 0.9680186768447837 0 0.9731014325699745
0 0.0367907048346056 0.6600623435114503 0.06656949618320611 0.6659370712468194 0.07406483969465649 0.6169134809160306 0.15671617811704835 0.6272448982188296 0.16076771501272263 0.597466106870229 0.04833758524173028 0.5834883078880407 0.0367907048346056 0.6600623435114503
0 0.04854016030534351 0.5763981195928753 0.05441488804071247 0.576803272264631 0.05441488804071247 0.5798419262086514 0.1587419465648855 0.5926042646310432 0.16117286768447836 0.5508734402035623 0.158539368956743 0.549657979643766 0.15833679389312977 0.5407446005089058 0.15448783460559795 0.5366930636132315 0.05583292620865141 0.5326415292620865 0.04854016030534351 0.5763981195928753
0 0.1577665699745547 0.6195245216284988 0.15671617811704835 0.6272448982188296 0.15772906361323155 0.6289668015267176 0.18376018320610688 0.6327144732824428 0.18112668447837152 0.6523644249363867 0.20158694147582698 0.6558082290076336 0.2177930865139949 0.6594546132315522 0.22022401017811705 0.6580365750636133 0.22306008396946564 0.6391969312977099 0.26418317811704833 0.6450716590330788 0.27451459541984735 0.5719414300254453 0.1963199465648855 0.5614074351145038 0.16907336386768446 0.5557352849872773 0.15904581170483462 0.6197495572519084 0.1577665699745547 0.6195245216284988
0 0.21475443511450382 0.5399342926208651 0.24919249363867682 0.5421626386768448 0.24898991603053436 0.5241333027989822 0.22143947073791348 0.5208920737913486 0.166136 0.5107632315521629 0.1628947709923664 0.5435806768447837 0.21212093638676846 0.5482399414758269 0.21475443511450382 0.5399342926208651
0 0.210905475826972 0.4368226946564886 0.30003927226463106 0.4668040636132315 0.29862123664122137 0.4714633307888041 0.3288051806615776 0.47976897964376586 0.33022321882951655 0.4789586717557252 0.35534274300254454 0.39630733333333334 0.23501211704834607 0.3643001959287532 0.210905475826972 0.4368226946564886
0 0.8662414631043256 0.5200817659033079 0.9545649541984733 0.5375033715012723 0.9705685216284987 0.4467489592875318 0.9456515750636133 0.4420896921119593 0.9458541501272265 0.4360123893129771 0.905743941475827 0.4285170458015267 0.904731058524173 0.43054281424936386 0.8842707989821883 0.4303402366412214 0.8662414631043256 0.5200817659033079
0 1 0.6205121475826972 0.9768484020356235 0.6138748295165394 0.964288641221374 0.6685705699745548 1 0.6778429923664122 1 0.6205121475826972
0 1 0.5529642188295165 0.9980176793893131 0.5614074351145038 0.9992331399491095 0.562015165394402 0.9941687201017811 0.58713468956743 1 0.5887013027989821 1 0.5529642188295165
0 0.8623418600508906 0.06144786259541985 0.8593032086513995 0.06185301526717557 0.834993989821883 0.12809563358778625 0.8362094503816794 0.12890594147582699 0.8270934936386769 0.15260742748091602 0.8779402748091604 0.17164964885496184 0.9052881450381679 0.09345499745547074 0.9192659440203563 0.09608849618320611 0.9295973613231553 0.06266332315521628 0.9131886386768447 0.05496540458015267 0.9204814045801527 0.0304536106870229 0.8761170839694656 0.018096424936386767 0.8623418600508906 0.06144786259541985
0 0.290264941475827 0.23728453435114502 0.29451905597964373 0.24295668447837152 0.4134316437659033 0.2717225928753181 0.41890121882951653 0.24194380152671754 0.4095826844783715 0.23100465394402037 0.3097123155216285 0.20669543511450383 0.29836801526717555 0.2073031679389313 0.290264941475827 0.23728453435114502
0 0.31113035368956743 0.14794816030534352 0.29958347582697203 0.19778205597964377 0.31011747073791346 0.19879494147582696 0.31315612213740457 0.20385936132315524 0.4069491857506361 0.22715569465648855 0.41322906615776084 0.2204706590330789 0.42497852162849875 0.1700290330788804 0.4268017124681934 0.16273626717557252 0.4231553307888041 0.15645638676844784 0.3445555267175573 0.13741416539440204 0.3477967557251908 0.12566471246819338 0.3544817913486005 0.12141059796437659 0.3609642493638677 0.09284726717557253 0.34212460559796437 0.0887957302798982 0.3400988371501272 0.08980861577608143 0.33017257506361325 0.08960603816793893 0.31923342748091604 0.13113428498727736 0.3161947735368957 0.13093170737913487 0.31113035368956743 0.14794816030534352
0 0.3638003256997455 0.11209206615776082 0.3680544376590331 0.11269979643765904 0.3680544376590331 0.11634617811704835 0.3710930890585242 0.1179667913486005 0.3700802061068702 0.12404409669211196 0.37372658778625956 0.12485440458015266 0.37068793638676845 0.14065539440203562 0.39195850127226467 0.1440992010178117 0.3972254987277354 0.12282863613231551 0.400871882951654 0.12201832824427482 0.43287901781170485 0.1295136717557252 0.4278145979643766 0.1503790814249364 0.4330815954198473 0.1621285368956743 0.41667287277353693 0.22816857760814246 0.42295275318066156 0.24072834096692114 0.45577019847328243 0.24903398982188293 0.48737218066157767 0.08170554198473283 0.3781832798982188 0.05476282697201018 0.3638003256997455 0.11209206615776082