0 0.07069211195928753 0.6111098320610687 0.16549805852417301 0.6297468982188296 0.17562690076335877 0.5633017048346056 0.08284672010178117 0.5475007124681933 0.07069211195928753 0.6111098320610687
0 0.10877655216284987 0.548007155216285 0.13855534351145038 0.5537805954198474 0.1467597048346056 0.5092136972010178 0.1172847786259542 0.5037441221374046 0.10877655216284987 0.548007155216285
0 0.2156358193384224 0.43344996946564884 0.27316763613231554 0.4415530407124682 0.28289132315521626 0.37267692366412214 0.22495435368956743 0.36619446564885494 0.2156358193384224 0.43344996946564884
0 0.3234066844783715 0.6287340152671755 0.4583228422391858 0.6433195470737914 0.4668310687022901 0.5695815852417303 0.4178074783715013 0.565935203562341 0.4161868651399491 0.5789001195928754 0.3306994503816794 0.5699867404580152 0.3234066844783715 0.6287340152671755
0 0.46885683460559796 0.45168188040712465 0.49600212977099234 0.45370764885496184 0.4939763613231552 0.4800426361323155 0.567309165394402 0.48571478625954195 0.567309165394402 0.46950864122137403 0.5644730916030535 0.46343133587786256 0.5652833994910942 0.45897464631043255 0.5908080763358778 0.4610004147582697 0.5968853816793893 0.37470269211195933 0.5705503944020356 0.3722717709923664 0.5701452417302799 0.36984084987277355 0.5482669465648855 0.3670047735368957 0.5454308702290076 0.3645738524173028 0.5462411781170484 0.3479625547073791 0.5259834961832061 0.345936786259542 0.5012691246819339 0.3467470916030534 0.49964851145038164 0.36659962086514 0.47371867938931295 0.3649790050890585 0.46885683460559796 0.45168188040712465
0 0.6013420712468194 0.3894907989821883 0.6143069872773537 0.38969337659033076 0.6254487124681933 0.3811851501272265 0.6608996539440204 0.3846289567430025 0.6625202671755726 0.34472132569974556 0.6021523791348601 0.3424929796437659 0.6013420712468194 0.3894907989821883
0 0.6015446488549618 0.451276727735369 0.6801444503816794 0.4549231094147583 0.6809547582697202 0.3807799974554707 0.6610994325699745 0.3797094147582697 0.6608996539440204 0.3846289567430025 0.6626215572519084 0.3846289567430025 0.6622164020356234 0.3876676081424937 0.6278796335877863 0.3862495699745547 0.6041781475826972 0.399214486005089 0.6015446488549618 0.451276727735369
0 0.5966828040712469 0.4938178575063613 0.5970879567430025 0.5124549262086514 0.6760929134860051 0.5165064605597964 0.6764980687022901 0.4642416437659033 0.61217993129771 0.4614055674300255 0.6010382061068702 0.46272231806615777 0.5966828040712469 0.4938178575063613
0 0.8434213613231551 0.49746424173027987 0.8450419770992367 0.5371692951653944 0.8815058015267175 0.5375744503816794 0.8774542671755725 0.4881457073791349 0.857601737913486 0.4865250941475827 0.8535502010178116 0.4208902061068702 0.7717091704834605 0.42332112722646315 0.7761658600508906 0.4978693944020356 0.8434213613231551 0.49746424173027987
0 0.6185610992366413 0.8272592926208652 0.6209920229007634 0.8278670229007634 0.623828096692112 0.8588612748091603 0.6525940050890585 0.8606844656488549 0.682372796437659 0.8584561195928753 0.682372796437659 0.8298927888040714 0.6829805267175572 0.8234103307888041 0.6787264122137405 0.8221948702290077 0.6767006463104326 0.7523058702290076 0.658266155216285 0.7525084478371501 0.6554300788804072 0.735694572519084 0.6177507938931298 0.7377203409669212 0.6185610992366413 0.8272592926208652
0 0.7504386055979644 0.9563007201017812 0.7504386055979644 0.9198368956743003 0.6967557506361324 0.9202420483460559 0.6979712111959288 0.9548826844783714 0.7504386055979644 0.9563007201017812
0 0.7120502977099236 0.9802047837150127 0.747399951653944 0.9809138040712468 0.7459819160305343 0.9575161806615776 0.7117464325699745 0.9570097404580152 0.7120502977099236 0.9802047837150127
0 0.7637073867684478 0.9022127124681933 0.7967274071246819 0.8983637531806616 0.7968286946564886 0.8945147938931297 0.7958158117048345 0.8944135038167939 0.7893333536895675 0.811458300254453 0.7560094681933842 0.8136866463104325 0.7637073867684478 0.9022127124681933
0 0.8075652671755725 0.900997251908397 0.8766439592875318 0.8947173689567429 0.8746181908396946 0.8681798066157761 0.8902166055979643 0.8667617709923665 0.8883934147582698 0.8250309465648855 0.8705666539440204 0.8256386768447838 0.866920272264631 0.8007217302798982 0.8377492111959287 0.803152651399491 0.8345079821882951 0.8070016106870229 0.7990570407124683 0.8120660305343511 0.8075652671755725 0.900997251908397
0 1 0.7547138498727736 0.9734756743002545 0.753926486005089 0.9714499058524173 0.758383175572519 0.9704370229007634 0.8244232162849874 0.976716903307888 0.8254360992366412 0.9779323638676846 0.820371679389313 0.9844148218829516 0.8209794096692111 0.9846173994910942 0.8359700941475827 1 0.8358596921119593 1 0.7547138498727736
0 1 0.6553984198473282 0.9963668549618321 0.6552715776081425 0.9941385089058524 0.7200961577608143 1 0.7203458956743002 1 0.6553984198473282
0 0.8110300941475826 0 0.7939926183206107 0.08278950636132315 0.8796826106870229 0.10243945801526717 0.8806954961832062 0.09555184478371502 0.8815058015267175 0.08542300508905852 0.8991353155216285 0 0.8110300941475826 0
0 0.5590035165394401 0.06374728498727734 0.6159276005089058 0.07509158778625954 0.6187636768447837 0.08035858524173028 0.6066090687022901 0.1466012010178117 0.6412497022900764 0.15227335368956743 0.6459089694656489 0.12289971501272265 0.6507708142493639 0.12350744529262087 0.6477321603053435 0.14153678117048346 0.6501630839694656 0.1435625496183206 0.6769032213740458 0.1476140865139949 0.6783212595419847 0.13424401781170484 0.6862217557251908 0.1324208244274809 0.6975660559796438 0.04754113994910942 0.5650808218829516 0.028701496183206106 0.5590035165394401 0.06374728498727734
0 0.2546825012722646 0.08385303562340966 0.2585314605597964 0.0848659185750636 0.2585314605597964 0.08993033842239187 0.33895445547073794 0.09276641475826972 0.34158795419847326 0.04354024936386769 0.25225158015267174 0.0441479796437659 0.2546825012722646 0.08385303562340966
0 0.2520490025445292 0.12781220356234096 0.33490291857506366 0.12862250890585242 0.33692868702290074 0.0960076437659033 0.2660268015267176 0.09398187531806616 0.252454155216285 0.09945144783715013 0.2520490025445292 0.12781220356234096
0 0.026581010178117048 0.15272915012722646 0.045218076335877856 0.15617295674300255 0.04663611450381679 0.15516007124681933 0.1572430534351145 0.16711210432569973 0.16514354961832062 0.10350298473282443 0.15643274809160307 0.10269267684478371 0.15643274809160307 0.10147721628498728 0.05352372773536896 0.08972776081424937 0.05068765139949109 0.117075631043257 0.03022739185750636 0.11606274809160305 0.026581010178117048 0.15272915012722646
0 0 0.0915712417302799 0.052610597964376594 0.09853294147582697 0.05352372773536896 0.08972776081424937 0.05595464885496183 0.07818088295165394 0.06000618575063613 0.03584233078880407 0.024960396946564885 0.02976502544529262 0.025162972010178117 0.008089307888040713 0 0.004850508905852417 0 0.031166455470737913 0.024555241730279898 0.03422171501272265 0.024150089058524175 0.03969129007633588 0 0.03553146564885496 0 0.0915712417302799