0 0 0.7425645572519084 0.04007724681933842 0.7458140610687022 0.04463777353689567 0.7415913536895674 0.05105629007633587 0.7414224452926209 0.05358991603053435 0.6807843409669211 0.04565122391857506 0.6802776157760815 0.0421041475826972 0.6763927251908397 0 0.6739607150127226 0 0.7425645572519084
0 0 0.6560821857506361 0.00832247582697201 0.657306078880407 0.010687193384223918 0.6574749872773538 0.010687193384223918 0.6598397048346056 0.03365873027989822 0.6620355139949109 0.03821925445292621 0.6187949720101781 0.019301519083969466 0.618457155216285 0.01254518320610687 0.6240311323155217 0.01254518320610687 0.6133899058524173 0 0.6123393231552162 0 0.6560821857506361
0 0 0.782789806615776 0.017865796437659034 0.7838184427480915 0.017865796437659034 0.7893924198473282 0.0472558524173028 0.7905747786259543 0.04742476081424936 0.7860142519083969 0.048438211195928754 0.782467175572519 0.049282753180661575 0.7547662061068702 0.04218860305343511 0.7486855038167939 0 0.7468667480916031 0 0.782789806615776
0 0.1301898600508906 0.666258223918575 0.1842827633587786 0.6730990127226464 0.1842827633587786 0.6744925063613232 0.27131279643765904 0.6875406768447837 0.2721995648854962 0.6856404580152672 0.2849943740458015 0.6872873129770992 0.2946221501272265 0.6283805216284987 0.19327713231552165 0.6114052315521629 0.18896996946564884 0.6369948498727735 0.13525710941475827 0.6318009160305343 0.1301898600508906 0.666258223918575
0 0.2849943740458015 0.6872873129770992 0.2721995648854962 0.6856404580152672 0.27131279643765904 0.6875406768447837 0.25766274045801524 0.6854941628498727 0.25250062849872773 0.7191476539440204 0.240845951653944 0.7176274783715013 0.23932577608142494 0.7201611043256998 0.21449624681933843 0.717374117048346 0.21449624681933843 0.7112934147582698 0.18453612468193384 0.7064161857506361 0.18301594910941477 0.7127502493638677 0.17946887531806616 0.7123702061068703 0.1787721272264631 0.7139537226463105 0.12442586005089058 0.7074929770992366 0.1111243282442748 0.8045308320610687 0.1303798804071247 0.8068110941475827 0.13240678117048346 0.8060510076335878 0.17522505089058524 0.8093447201017812 0.17471832569974557 0.817452320610687 0.18307929007633586 0.8164388702290076 0.18485282697201016 0.8111182569974554 0.19701423155216286 0.813651882951654 0.2033482951653944 0.8095980814249365 0.27302299491094145 0.8209993969465649 0.28062387022900764 0.7832483765903309 0.2831574961832061 0.7814748396946566 0.2887314707379135 0.7581654860050892 0.28695793384223917 0.7556318600508906 0.28999828498727737 0.733082592875318 0.2849310330788804 0.7280153435114504 0.2882247455470738 0.6910244122137404 0.2849943740458015 0.6872873129770992
0 0.28695793384223917 0.7245949491094147 0.29075837150127226 0.7317524402035623 0.3003228066157761 0.7336526590330789 0.3017163027989822 0.7311190330788805 0.3407341348600509 0.7366930101781171 0.3421276284987277 0.7358062417302799 0.3456747022900763 0.7097098982188296 0.348335010178117 0.6862738625954198 0.2996894020356234 0.6794330763358779 0.29227854707379136 0.6801298218829517 0.28695793384223917 0.7245949491094147
0 0.29880263358778625 0.7540483435114504 0.30032280916030535 0.75455506870229 0.30310979643765906 0.7572153765903308 0.3713910025445292 0.766969834605598 0.37278449618320614 0.7645628905852416 0.4021745496183206 0.768490010178117 0.4052149007633588 0.7441672061068703 0.3772183409669211 0.7404934478371501 0.37607820865139946 0.737453096692112 0.346054748091603 0.7332726157760814 0.3446612544529262 0.7388465928753181 0.3003228066157761 0.7336526590330789 0.29880263358778625 0.7540483435114504
0 0.28702127480916034 0.8230896386768447 0.29069503053435114 0.8241030890585243 0.3124842111959288 0.8303104707379134 0.3578361043256998 0.837277941475827 0.3580894681933842 0.8404449720101781 0.3811454605597964 0.8438653664122138 0.38950642239185745 0.8374046208651399 0.4039480890585242 0.8384180712468194 0.4105355139949109 0.8343642722646311 0.41205568956743 0.8102948295165395 0.4138292290076336 0.8102948295165395 0.4158561272264631 0.7786245114503817 0.3748113969465649 0.7727971730279899 0.37202440712468193 0.7849585750636132 0.2938620636132316 0.7739373053435114 0.28702127480916034 0.8230896386768447
0 0.15375257506361323 0.893651106870229 0.15666624427480916 0.8947912391857507 0.2760000025445293 0.909992989821883 0.28334751653944024 0.850706155216285 0.1604666844783715 0.8343642722646311 0.15375257506361323 0.893651106870229
0 0.08471128244274809 0.8864302748091603 0.1552727506361323 0.8963114122137404 0.15666624427480916 0.8947912391857507 0.15375257506361323 0.893651106870229 0.1604666844783715 0.8343642722646311 0.1625245776081425 0.8346379491094148 0.16439380152671756 0.8182757506361323 0.108274 0.8124484122137405 0.10814731806615777 0.8068744351145039 0.09509914758269719 0.8045941730279899 0.08471128244274809 0.8864302748091603
0 0.07419673791348601 0.9801744147582697 0.17200113740458015 0.983658203562341 0.17427494147582698 0.9733336259541984 0.24332601526717557 0.9826194580152672 0.2559877659033079 0.9824350559796438 0.2663722264631043 0.9146801984732824 0.180989048346056 0.9051791017811704 0.08559805089058524 0.891497524173028 0.07419673791348601 0.9801744147582697
0 0.29588896437659035 0.9704199567430025 0.3802523435114504 0.9806253180661577 0.4182634223918575 0.9800717379134859 0.42079669720101776 0.9582585547073792 0.4547472798982188 0.9612989058524174 0.45905444274809165 0.9308953994910941 0.3034898396946565 0.914426834605598 0.29588896437659035 0.9704199567430025
0 0.4914848473282443 0.7276986386768448 0.4869243231552163 0.7330192544529263 0.47856335877862594 0.8100414656488549 0.47729654452926207 0.8346176335877863 0.491991572519084 0.8355044020356234 0.4898379923664122 0.8621074707379135 0.49781891094147585 0.864134368956743 0.4959186921119593 0.8828831984732824 0.4980722748091603 0.8833899236641221 0.4942718346055979 0.9134133842239185 0.5145408396946565 0.9156936488549617 0.5189746844783715 0.8873170432569975 0.5279690534351145 0.8866836361323156 0.5359499745547074 0.8197959236641221 0.5438042137404581 0.820429330788804 0.5567257022900763 0.7200977633587786 0.4922449363867684 0.7124968880407125 0.4914848473282443 0.7276986386768448
0 0.5906762849872774 0.7636761221374045 0.5886493842239187 0.7631693969465648 0.5769947073791348 0.8604606132315522 0.6066381246819338 0.86400768956743 0.6367882671755726 0.8688215776081426 0.654016921119593 0.757342058524173 0.5927031832061069 0.7484743689567429 0.5906762849872774 0.7636761221374045
0 0.571927455470738 0.8809829796437659 0.5680003358778626 0.8822497913486006 0.5567257022900763 0.8808562977099237 0.5501382773536896 0.9398897709923665 0.5603994605597964 0.9425500788804072 0.5669868854961833 0.9425500788804072 0.5673669287531806 0.9473639669211196 0.5738276743002544 0.9490108218829516 0.5738276743002544 0.9464771959287531 0.6044845419847328 0.9520511730279898 0.6227266463104326 0.9542047557251909 0.6350147302798982 0.8709751577608142 0.6130988702290077 0.8673014020356233 0.5733209491094148 0.867048038167939 0.571927455470738 0.8809829796437659
0 0.546962320610687 0.9905838473282442 0.6159337455470738 0.9959960916030535 0.6180394376590331 0.968393058524173 0.6222199211195929 0.968519737913486 0.6233600534351145 0.962439038167939 0.6206997455470737 0.9614255877862595 0.6210797888040713 0.9563583358778626 0.5842155394402035 0.9512910865139949 0.5828220458015266 0.959652048346056 0.5747144427480916 0.9587652798982188 0.5737009923664123 0.955091524173028 0.551151727735369 0.9524312162849873 0.546962320610687 0.9905838473282442
0 0.6530034707379134 0.9091062213740458 0.7287588702290076 0.9212676234096692 0.7315458600508906 0.8954246437659032 0.7300256844783716 0.8898506692111959 0.6570572697201017 0.8792094427480917 0.6530034707379134 0.9091062213740458
0 0.6471761323155216 0.9452103842239187 0.720144544529262 0.956611699745547 0.7238183002544529 0.9495175470737913 0.7267319694656488 0.9253214249363868 0.6583240839694656 0.9139201094147583 0.6578173587786259 0.917467185750636 0.6511032519083969 0.9169604605597964 0.6471761323155216 0.9452103842239187
0 0.7161296590330789 0.9900287455470738 0.7580398600508906 0.9975226234096692 0.7597957837150127 0.9709266819338422 0.7585289694656489 0.970039913486005 0.7627094529262087 0.943310165394402 0.7876656615776082 0.9466038778625955 0.7872856183206107 0.9502776361323155 0.793366320610687 0.9512910865139949 0.7970400763358778 0.8790827608142494 0.7333193969465649 0.8708484783715013 0.7317992213740458 0.8831365597964377 0.7355996590330789 0.8864302748091603 0.7262252442748092 0.9562316539440203 0.7210313129770992 0.9593986870229008 0.7161296590330789 0.9900287455470738
0 0.6721323409669211 0.7688700534351145 0.6682052239185751 0.8000336463104326 0.6704854860050891 0.8010470966921119 0.6707388473282443 0.7996536030534351 0.6745392875318066 0.7994002391857506 0.6750460127226464 0.8014271399491094 0.7448473918575064 0.8100414656488549 0.7478877430025446 0.7834383994910942 0.7471276564885496 0.7826783129770992 0.7477610610687022 0.7779911043256997 0.7535883994910941 0.7777377430025445 0.7568821145038168 0.7553151577608143 0.6758060992366411 0.7441672061068703 0.6721323409669211 0.7688700534351145
0 0.7430738549618321 0.8524796921119593 0.7391467353689567 0.8537465063613232 0.7372465165394403 0.8642610508905851 0.7635962213740458 0.8671747201017812 0.7635962213740458 0.8690749389312977 0.7970400763358778 0.8723686539440204 0.7974201195928753 0.7849585750636132 0.7521949058524173 0.7793845979643765 0.7430738549618321 0.8524796921119593
0 0.6608577099236641 0.8538731882951653 0.7291389160305344 0.8621074707379135 0.7319259033078881 0.8404449720101781 0.739400096692112 0.8412050610687023 0.7442139872773537 0.8134618600508906 0.677833 0.8052275776081425 0.667445134860051 0.8054809414758269 0.6608577099236641 0.8538731882951653
0 0.8085680712468193 0.6822200636132315 0.805274358778626 0.6824734249363869 0.805274358778626 0.7002088040712467 0.8013472391857506 0.7026157480916031 0.8013472391857506 0.7592422773536895 0.7965333511450381 0.7594956386768448 0.7952665394402036 0.762535989821883 0.795765399491094 0.784754631043257 0.7974201195928753 0.7849585750636132 0.797275824427481 0.8181467888040712 0.7998270636132316 0.8182757506361323 0.7998904045801526 0.8485525725190839 0.8556301653944021 0.8485525725190839 0.857150340966921 0.8339842264631043 0.8596839669211196 0.8268900763358779 0.8642444910941476 0.8263833511450382 0.8677915674300254 0.8127017735368957 0.8693117430025445 0.6900743027989822 0.8650045801526718 0.6837402391857507 0.8351077989821882 0.6824734249363869 0.8358678854961832 0.6776595368956743 0.8380214681933843 0.6711987913486005 0.8381481501272264 0.6578972595419847 0.8117984452926209 0.6572638524173028 0.808948117048346 0.6589107099236641 0.8085680712468193 0.6822200636132315
0 0.8416318854961832 0.8757257073791349 0.8569603180661578 0.8767391577608142 0.8567069567430026 0.9205708778625954 0.891924348600509 0.9205708778625954 0.892684437659033 0.9383062544529263 0.9415834096692112 0.9385596183206106 0.9415834096692112 0.9155036259541985 0.927521786259542 0.9147435394402036 0.9268883816793894 0.9168971195928753 0.897878368956743 0.9162637150127226 0.8982584122137405 0.8438020254452926 0.8952180636132315 0.8420284885496183 0.8949646997455472 0.8340475674300254 0.8594939440203562 0.83430093129771 0.8586705165394403 0.8348076564885496 0.8569603180661578 0.8508961781170483 0.8413151806615776 0.849882727735369 0.8416318854961832 0.8757257073791349
0 0.9071894427480915 0.6720222213740459 0.9441803740458015 0.6725289465648855 0.9444337379134861 0.6385783638676845 0.9079495318066158 0.6368048269720101 0.9071894427480915 0.6720222213740459
0 1 0.6856502468193385 0.948234175572519 0.6844369847328244 0.9469673613231552 0.7001454631043258 0.9457005496183206 0.780461389312977 0.9507678015267176 0.7809681145038169 0.9517812519083969 0.8220128473282442 0.9500077124681934 0.8230262977099237 0.9492476259541985 0.8392415012722646 0.9510211628498727 0.8412683994910941 0.9517812519083969 0.8650844809160305 0.9826914809160305 0.864831117048346 0.98370493129771 0.8397482264631043 1 0.8371002773536896 1 0.6856502468193385
0 0.008258437659033079 0 0.008005770992366412 0.053817610687022906 0.07159977099236642 0.054577699745547076 0.07083968193384224 0.1186784223918575 0.1843461017811705 0.11943851145038167 0.1843461017811705 0.11766497201017811 0.204615106870229 0.11614479643765904 0.2061352824427481 0.059898312977099244 0.20106803053435113 0.05913822391857507 0.20182811704834605 0.001118201017811705 0.1448215445292621 0.0021316513994910943 0.1448215445292621 0.003651826972010178 0.013599213740458015 0 0.008258437659033079 0
0 0.0204205368956743 0.1972208117048346 0.03435547582697201 0.2015279745547074 0.14279464631043257 0.20330151399491095 0.15318250890585242 0.19215355979643767 0.15495604834605597 0.14654830279898218 0.14634172010178118 0.13362681424936387 0.0756535699745547 0.13236 0.02244743765903308 0.1290662875318066 0.0204205368956743 0.1972208117048346
0 0.1482419389312977 0.12083200508905853 0.14862198473282442 0.13299340712468194 0.15495604834605597 0.14350795165394403 0.15824976081424935 0.1512355089058524 0.15900984732824427 0.19025334096692112 0.14849530279898218 0.20203469974554708 0.14849530279898218 0.20900217048346056 0.20828886259541984 0.20469500763358778 0.20803550127226464 0.1818923765903308 0.3073536183206107 0.17505158778625957 0.3058334427480916 0.1383140203562341 0.20778213740458013 0.14059428244274808 0.20600860050890588 0.12095868702290076 0.1482419389312977 0.12083200508905853
0 0 0.286939213740458 0.017253503816793893 0.2837441195928753 0.04233639694656489 0.2801970458015267 0.038535959287531805 0.232311524173028 0 0.2358147913486005 0 0.286939213740458
0 0.04233639694656489 0.2801970458015267 0.043603208651399494 0.3019862239185751 0.17788535877862596 0.298185786259542 0.17991225699745547 0.29083827226463105 0.17585845801526717 0.23484515012722648 0.17281810687022903 0.22952453689567429 0.05779151145038168 0.2340850610687023 0.06260539949109414 0.26094149109414755 0.04088498473282443 0.2619092671755725 0.04233639694656489 0.2801970458015267
0 0.1740215776081425 0.22756097709923664 0.17839208396946565 0.22743429516539437 0.18022896183206108 0.22889112977099235 0.1823192010178117 0.2976790610687023 0.2099357201017812 0.2970456539440203 0.21120253180661577 0.2940053027989822 0.20930231297709923 0.26170158015267175 0.21082248854961833 0.2611948549618321 0.2397058193384224 0.25954799745547075 0.23742555470737914 0.2157162773536896 0.1737682162849873 0.219706737913486 0.1740215776081425 0.22756097709923664
0 0.20660498982188297 0 0.2056285572519084 0.011506066157760814 0.2076554554707379 0.05052389821882952 0.20778213740458013 0.059834972010178115 0.20828523918575065 0.06458312213740458 0.2578212391857506 0.06319202544529262 0.2570611526717557 0.015559867684478371 0.26542211704834606 0.016319954198473284 0.2660265597964377 0 0.20660498982188297 0
0 0.452741048346056 0 0.4563941348600509 0.0002947735368956743 0.45641109923664125 0 0.452741048346056 0
0 0.46574501017811704 0 0.46348828498727734 0.023604127226463104 0.46779544783715016 0.03247181679389313 0.5265755597964377 0.03880588040712468 0.5359499745547074 0.038299155216284984 0.5394838117048346 0 0.46574501017811704 0
0 0.4183897531806616 0.08567795165394403 0.4429659185750636 0.08745148854961832 0.44144574554707383 0.13812399745547074 0.5212549465648855 0.142684524173028 0.5227751221374046 0.11988189567430026 0.526068834605598 0.12013525699745546 0.5318961730279899 0.04615339440203562 0.5230284834605599 0.04235295674300254 0.4660219109414758 0.037032343511450384 0.461714748091603 0.02917810432569975 0.4229502798982188 0.026897842239185753 0.4183897531806616 0.08567795165394403
0 0.3648035750636132 0.3950336183206107 0.4235836844783715 0.3914865419847328 0.42535722391857506 0.3851524783715013 0.4225702340966921 0.32231856743002546 0.36125649872773535 0.32333201781170484 0.3648035750636132 0.3950336183206107
0 0.3931801806615776 0.41466921628498726 0.3959671679389313 0.4147958956743003 0.3954604427480916 0.4459594885496183 0.42447045292620866 0.44443931552162846 0.42421709160305343 0.4905512977099237 0.480970300254453 0.4911847048346056 0.4831238829516539 0.41732952162849873 0.48857117811704837 0.41682279643765907 0.4903447150127227 0.4097286463104326 0.4900913536895674 0.3861659287531806 0.42535722391857506 0.3851524783715013 0.4235836844783715 0.3914865419847328 0.3921512340966921 0.3933833282442748 0.392040048346056 0.3960470687022901 0.3931801806615776 0.41466921628498726
0 0.5201148142493639 0.3566491933842239 0.5151742442748092 0.3595628625954198 0.4973121857506361 0.358296048346056 0.49300502290076337 0.3961737506361323 0.49769222900763355 0.39858069465648854 0.5083334554707379 0.39858069465648854 0.5112471246819338 0.4028878575063613 0.5090935445292621 0.42303018066157755 0.5700272366412213 0.4293642417302799 0.5702805979643766 0.4277173867684478 0.5692671475826973 0.4261972111959288 0.5699005547073792 0.4044080330788804 0.5687604223918574 0.40212776844783715 0.5753478498727735 0.34195416539440204 0.5759812544529263 0.3168712722646311 0.523155165394402 0.3159845038167939 0.5201148142493639 0.3566491933842239
0 0.5739543562340967 0.40314121882951653 0.6016975547073792 0.4045347124681934 0.609805155216285 0.34423442748091604 0.5799083740458015 0.34018062849872777 0.5739543562340967 0.40314121882951653
0 0.6052446284987277 0.4050414376590331 0.6191795699745547 0.4073850432569974 0.6270338091603054 0.4071950203562341 0.6287440050890586 0.4062449109414758 0.6302641806615776 0.3729910763358779 0.6267171043256997 0.3721043078880407 0.6272238295165394 0.37020408905852414 0.6297574554707379 0.37020408905852414 0.6305175445292621 0.3676704631043257 0.633557893129771 0.36805050636132314 0.6339379363867684 0.37577806361323157 0.706019582697201 0.382745534351145 0.7100733816793893 0.33143962086513995 0.6435657150127226 0.32447215012722647 0.6397019363867684 0.3208617328244275 0.6162025597964377 0.3190248549618321 0.6080949592875319 0.3701407480916031 0.6052446284987277 0.4050414376590331
0 0.702440834605598 0.2866577888040712 0.6194646030534351 0.279690320610687 0.6158858575063613 0.31788472264631046 0.7055128575063613 0.3258656437659033 0.7072863944020356 0.3086369898218829 0.7088065699745548 0.28887471246819335 0.702440834605598 0.2866577888040712
0 0.6568355776081426 0.4140991501272264 0.6548086768447837 0.41384578625954194 0.6548086768447837 0.41929308142493643 0.6565822162849873 0.4200531704834605 0.6541752697201019 0.4647716590330789 0.6531618218829516 0.5144307175572519 0.7078881297709924 0.5159508931297709 0.71194193129771 0.41929308142493643 0.7102950737913486 0.4171395012722646 0.7123219745547075 0.4043446921119593 0.7140955114503817 0.3896496641221374 0.7061145928753181 0.38610258778625955 0.6575956641221373 0.3843290508905852 0.6568355776081426 0.4140991501272264
0 0.723089882951654 0.3672270788804071 0.7537467506361323 0.36900061577608145 0.7537467506361323 0.3712808804071247 0.7841502569974554 0.37406786768447836 0.7849103435114504 0.3725476921119593 0.7907376819338422 0.37229433078880403 0.7912444071246819 0.37406786768447836 0.8163273002544529 0.37558804325699746 0.8198743740458014 0.33454331043256996 0.822408 0.3315029592875318 0.8234214503816794 0.3190881959287532 0.8206344631043258 0.3173146564885496 0.8229147251908396 0.3023662671755725 0.8259550763358778 0.28412416539440205 0.7935246692111959 0.28159053944020357 0.7676816895674301 0.27880355216284985 0.7489328625954199 0.2770300127226463 0.7311974834605598 0.27601656234096694 0.7299306717557251 0.2934985776081425 0.723089882951654 0.3672270788804071
0 0.7277770890585241 0.22952453689567429 0.7213163460559797 0.27487643256997457 0.7266369592875318 0.2753831577608143 0.726890320610687 0.2723428066157761 0.8487577048346056 0.2820972646310433 0.8512913307888041 0.26562869974554704 0.8510379669211195 0.24206598218829514 0.7277770890585241 0.22952453689567429
0 0.65613593129771 0 0.6548086768447837 0.024554236641221375 0.732781 0.03050825699745547 0.7339211323155217 0.012646198473282442 0.734934582697201 0.006438816793893129 0.7310322697201018 0 0.65613593129771 0
0 0.7644885903307888 0 0.7636912315521628 0.00833903562340967 0.7628044605597964 0.01923362340966921 0.7611576055979643 0.01948698727735369 0.7606508804071246 0.02683450127226463 0.7595107480916031 0.027974631043257 0.7597641119592875 0.03481541984732825 0.79738844783715 0.03684232061068703 0.8000659440203561 0 0.7644885903307888 0
0 0.9220428218829516 0.42305129262086516 0.9483925267175572 0.4335236106870229 0.9629186437659033 0.4325101603053435 0.9659589949109415 0.2828573511450381 0.9223806386768447 0.279141368956743 0.9220428218829516 0.42305129262086516
0 1 0.4458159083969465 0.997375951653944 0.45987331552162847 1 0.4601820279898219 1 0.4458159083969465
0 1 0.4652531272264631 0.9941666921119593 0.46443384223918577 0.9919708829516539 0.48740537913486004 1 0.4887278218829516 1 0.4652531272264631