0 0.24617990076335877 1 0.24712637913486005 0.9973380279898219 0.2263506513994911 0.9953111272264631 0.2256727430025445 1 0.24617990076335877 1
0 0.5189244885496183 1 0.4945349058524173 0.9960712162849873 0.4919157150127227 1 0.5189244885496183 1
0 0.6573817888040713 1 0.6583337888040713 0.9918485063613232 0.6407250941475827 0.9904550127226464 0.6394626921119593 1 0.6573817888040713 1
0 1 1 1 0.9398413867684479 0.9097961145038168 0.9308514732824428 0.9021933969465649 1 1 1
0 0.8910050610687023 0.6953721017811705 0.892187417302799 0.7046620610687022 0.919550572519084 0.7068578702290076 0.9210707480916029 0.6992569949109415 0.9227598320610687 0.6992569949109415 0.9264758167938932 0.6712182061068702 0.9374548600508906 0.673245106870229 0.9437044681933843 0.6218969643765904 0.9028286463104326 0.6176742544529262 0.8910050610687023 0.6953721017811705
0 1 0.6302467175572519 0.9488561730279899 0.6220658727735369 0.9426910178117048 0.6713026615776082 0.953078882951654 0.6736673765903308 0.9573860458015268 0.6752720076335877 1 0.6814841246819339 1 0.6302467175572519
0 1 0.6852660839694656 0.9537545165394403 0.6780589949109416 0.9513897989821882 0.6795791704834605 0.9490250814249364 0.7072801424936387 1 0.7138250687022901 1 0.6852660839694656
0 0.6939734554707379 0.8582842188295166 0.7318089287531807 0.8594665776081426 0.7319778371501272 0.8822692061068703 0.779778903307888 0.8841271984732825 0.7785965445292622 0.8631825597964377 0.783663796437659 0.8621691094147583 0.783663796437659 0.8309210636132316 0.7953184732824428 0.8309210636132316 0.7961630152671756 0.7903830559796438 0.7841705190839695 0.7890317888040712 0.7831570712468193 0.7366701959287533 0.6929600050890585 0.7337987557251908 0.6939734554707379 0.8582842188295166
0 0.05305067175572519 0.7270424198473282 0.05051704580152672 0.7270424198473282 0.049672503816793896 0.8016999160305344 0.08159618575063614 0.8035579083969465 0.08159618575063614 0.8023755496183207 0.12196528244274808 0.8020377328244275 0.12348545801526717 0.7827821806615776 0.1277081679389313 0.7790661959287533 0.12990397709923665 0.7647089847328244 0.16503691603053436 0.7662291603053435 0.1643612824427481 0.7072801424936387 0.13936284478371502 0.7071112340966922 0.13480231806615775 0.7103204910941476 0.1302417938931298 0.7103204910941476 0.12838380152671755 0.6865044122137405 0.05457084732824427 0.6839707888040713 0.05305067175572519 0.7270424198473282
0 0.17398905852417304 0.7219751704834606 0.22026995165394403 0.7233264351145038 0.22212794147582696 0.6674177684478372 0.17534032569974556 0.6652219592875318 0.17398905852417304 0.7219751704834606
0 0.062340631043256996 0.6304268371501273 0.07348858269720102 0.6307646539440204 0.07483984987277353 0.6567765419847328 0.24813982951653943 0.6638706921119593 0.25050454707379133 0.6275553944020356 0.16740163358778626 0.62586631043257 0.16942853435114505 0.6039082239185751 0.15372005597964378 0.5942804478371501 0.07990710178117048 0.5919157302798982 0.08007601017811705 0.5936048142493638 0.06267844783715013 0.5944493562340967 0.062340631043256996 0.6304268371501273
0 0.16081420610687025 0.5942804478371501 0.17229997455470739 0.6035704071246819 0.1925689796437659 0.6050905826972011 0.19265343256997455 0.603485951653944 0.2160472417302799 0.6041615852417304 0.2165539669211196 0.5949560814249364 0.25151799745547077 0.5958006234096692 0.2540516234096692 0.5652282086513994 0.25624743256997456 0.562694582697201 0.26655084223918574 0.5620189491094147 0.26891555979643766 0.5294196361323155 0.17382015012722646 0.5260414681933843 0.1721310661577608 0.5530668066157761 0.16723272519083968 0.5532357150127226 0.16191211195928754 0.5625256743002545 0.16081420610687025 0.5942804478371501
0 0.03632874300254453 0.5485062798982189 0.06554989058524173 0.5495197302798982 0.06639443256997456 0.5224943918575063 0.03734219338422392 0.5213120330788804 0.03632874300254453 0.5485062798982189
0 0.06369189821882952 0.5076304580152672 0.08108946055979643 0.5094884478371501 0.17888740203562342 0.5160758753180661 0.18243447837150126 0.5108397150127226 0.18716391094147583 0.4515528804071247 0.08632561832061068 0.44209401272264626 0.08412980916030534 0.4692882595419847 0.06605661577608142 0.4681059007633588 0.06369189821882952 0.5076304580152672
0 0.190204262086514 0.5147246081424937 0.25101127226463105 0.5184405928753181 0.2527003562340967 0.4931043384223919 0.3048930407124682 0.4966514122137405 0.3108048320610687 0.4334796844783715 0.2643550330788804 0.43027042748091604 0.2623281323155216 0.4317906030534351 0.25219363104325704 0.4319595114503817 0.19358243002544528 0.4265544427480916 0.19138662086513994 0.4628697404580152 0.24341039694656488 0.4665857251908397 0.24290367175572522 0.48144966157760816 0.19375133842239187 0.47925385241730284 0.190204262086514 0.5147246081424937
0 0.0652120737913486 0.3719970407124682 0.20118330534351145 0.3873677022900764 0.21233125699745548 0.36878778117048344 0.21587833333333334 0.31642619083969464 0.13226869465648855 0.30308243002544527 0.12956616030534351 0.31659509923664125 0.09899374554707378 0.31659509923664125 0.09612230279898219 0.3289254096692112 0.07467094147582698 0.3282497760814249 0.06926587531806615 0.33213466666666663 0.0652120737913486 0.3719970407124682
0 0.21570942493638676 0.35983563867684476 0.2189186844783715 0.36287598982188296 0.31823680152671757 0.37182813231552164 0.32060151908396944 0.33129012468193386 0.2755029847328244 0.3275741424936387 0.2751651679389313 0.32943213486005085 0.25692306615776084 0.3284186844783715 0.2570919745547074 0.3241959745547074 0.22280357506361326 0.3216623486005089 0.21570942493638676 0.35983563867684476
0 0.322628417302799 0.45239742239185754 0.35615672773536894 0.4567045852417303 0.36553114249363866 0.37334830788804074 0.33242510432569977 0.3684499669211196 0.322628417302799 0.45239742239185754
0 0.38242197964376595 0.45797139694656486 0.4329255801526718 0.4628697404580152 0.4363037455470738 0.43804021119592873 0.38613796183206106 0.4312838778625954 0.38242197964376595 0.45797139694656486
0 0.08750797709923665 0.13214716539440202 0.1550713231552163 0.14295730025445294 0.16368564885496184 0.08603518320610687 0.10068282951653944 0.07488723155216286 0.08750797709923665 0.13214716539440202
0 0.15760494910941475 0.13518751653944022 0.1577738575063613 0.1657599312977099 0.2537138066157761 0.1806238651399491 0.2574297913486005 0.15444306870229008 0.2511801806615776 0.14870018575063612 0.21874977608142493 0.14346402544529263 0.21908759287531807 0.13738332569974554 0.16081420610687025 0.12707991603053437 0.15760494910941475 0.13518751653944022
0 0.2775298854961832 0.07860321374045802 0.278374427480916 0.07201578880407125 0.2376675114503817 0.06661072010178117 0.22803973536895672 0.11745213740458016 0.28107696183206105 0.1264042824427481 0.2873265699745547 0.07877212213740457 0.2775298854961832 0.07860321374045802
0 0.14122083715012723 0.06829980407124682 0.23150235623409668 0.08155911195928754 0.23344480407124682 0.07919439440203563 0.24128965394402038 0.03961616030534351 0.24487803562340965 0.017596246819338423 0.1329324631043257 0.0007581501272264632 0.1268263409669211 0.039060190839694656 0.1452536361323155 0.0410142417302799 0.14122083715012723 0.06829980407124682
0 0.34179951653944024 0.06931325445292622 0.3782837251908397 0.07252251399491094 0.3834685038167939 0.02555270737913486 0.34886714503816796 0.021111890585241728 0.34179951653944024 0.06931325445292622
0 0.3792971730279899 0.15140272010178119 0.44719833587786256 0.16119940458015267 0.4563193867684478 0.10681091094147584 0.38706695928753176 0.09937894402035624 0.3792971730279899 0.15140272010178119
0 0.525234 0.1591725038167939 0.5330037837150127 0.16136831297709922 0.5323281501272265 0.16677337913486007 0.5292878015267176 0.1669422875318066 0.526754175572519 0.1785969669211196 0.5517526132315521 0.18383312468193386 0.5524282468193384 0.18096168193384224 0.5855342849872773 0.18822474300254452 0.5887435445292621 0.1736986234096692 0.5917838956743002 0.17268517302798983 0.6137419821882952 0.17657006615776083 0.6262412010178118 0.1454909262086514 0.6267479262086514 0.11069580407124681 0.606141106870229 0.10664200254452927 0.6031007557251908 0.10326383460559796 0.6071545547073791 0.08485282442748092 0.569487989821883 0.07742085750636132 0.5642518320610687 0.09836549363867686 0.5390844860050891 0.09397387531806616 0.525234 0.1591725038167939
0 0.48064219083969467 0.2981840865139949 0.5223625572519084 0.30679841221374043 0.5181398498727735 0.3317968498727735 0.5544551475826972 0.34007336132315524 0.5578333129770993 0.32774305089058525 0.5640829236641222 0.3282497760814249 0.5683056335877862 0.31051439694656485 0.5826628422391857 0.3111900305343511 0.5919528040712468 0.2601797048346056 0.49297250381679386 0.23940397709923664 0.48064219083969467 0.2981840865139949
0 0.8260597938931298 0.41304177353689564 0.8422749974554707 0.4147308575063613 0.8399102798982189 0.4630386488549618 0.9176081272264631 0.4650655496183206 0.9247022773536896 0.38027355216284986 0.826397610687023 0.37554411704834606 0.8260597938931298 0.41304177353689564
0 1 0.0033327786259541984 0.9822385419847328 0.0009431857506361323 0.9780773206106871 0.05225351145038168 1 0.05530864885496183 1 0.0033327786259541984
0 1 0.06276304834605598 0.9794285877862595 0.059854386768447836 0.9745302442748092 0.1036016513994911 1 0.10714205343511451 1 0.06276304834605598
0 0.23817975318066156 0 0.23710660559796437 0.010194885496183206 0.24580320356234095 0.012045226463104327 0.24580320356234095 0.02869828498727735 0.29542395674300254 0.03882808142493639 0.3018409058524173 0 0.23817975318066156 0
0 0.8719026870229007 0 0.8714031730279899 0.0031635928753180665 0.9431963664122137 0.023332300254452928 0.9507827608142494 0.00001801526717557252 0.9469455165394401 0 0.8719026870229007 0