0 1 0.9809990966921119 0.9627391043256998 0.9731243715012723 0.9559799643765904 1 1 1 1 0.9926796641221374 0.9996080839694657 0.9925717455470737 1 0.9907754631043256 1 0.9809990966921119
0 0.9144459007633587 1 0.919995396946565 0.9713011806615776 0.9218185877862595 0.9613749160305343 0.8515244351145039 0.9445610407124682 0.8497012417302799 0.9544873053435114 0.842813631043257 0.9500306157760814 0.8399775547073791 0.9500306157760814 0.8330899440203563 0.9802145597964376 0.8284306768447838 0.9830506361323156 0.8077678422391857 0.9787965216284987 0.802689699745547 1 0.9144459007633587 1
0 0 0.8023505267175572 0.0033353206106870228 0.802757272264631 0.008399740458015267 0.7642676768447837 0 0.7624416463104325 0 0.8023505267175572
0 0 0.7370430381679389 0.0015121297709923664 0.7373249618320611 0.007589435114503817 0.709166786259542 0 0.7075832391857507 0 0.7370430381679389
0 0.12690717557251907 0.6962018702290076 0.15952204325699745 0.7038997888040712 0.16104136895674298 0.6974173307888041 0.15931946564885496 0.6964044452926208 0.17390499745547072 0.6308708473282443 0.17613334096692113 0.6211471603053436 0.1799823027989822 0.6219574681933842 0.1860596055979644 0.6002817480916031 0.15810400508905853 0.5937992900763359 0.1574962748091603 0.5954199058524173 0.15162154707379136 0.5945083104325699 0.12690717557251907 0.6962018702290076
0 0.17512045801526716 0.6363404198473283 0.1699547506361323 0.6586238702290076 0.17268953689567432 0.6608522162849872 0.22930975572519086 0.6739184198473283 0.23103165903307887 0.6723990941475827 0.23670380916030534 0.6743235725190839 0.24379399745547076 0.6516349694656488 0.24095792111959285 0.6378597480916031 0.20408894147582696 0.6287437913486005 0.20064513740458015 0.6358339796437659 0.1805900330788804 0.6304656921119594 0.17512045801526716 0.6363404198473283
0 0.1636748676844784 0.6871872010178117 0.16701738676844785 0.6882000839694656 0.16519419338422392 0.6957967150127227 0.22201698982188298 0.7109899770992366 0.22627110432569975 0.7083564783715013 0.22991748600508907 0.7049126717557253 0.2355896361323155 0.6801983002544529 0.22991748600508907 0.6795905699745547 0.2280942951653944 0.6769570712468194 0.1721830941475827 0.6635870025445293 0.16853671246819338 0.6644985979643765 0.1636748676844784 0.6871872010178117
0 0.22140925954198473 0.7346914631043256 0.2827900330788804 0.7492769949109416 0.28866476081424935 0.7247651984732824 0.30365544529262084 0.6611560814249364 0.300819368956743 0.6601431959287533 0.30871986513994915 0.619222679389313 0.2645581195928753 0.6082835318066158 0.25989885496183207 0.6129427989821883 0.25665762595419844 0.625097407124682 0.2540241272264631 0.6252999847328244 0.24956743765903308 0.6469757048346055 0.2463262086513995 0.6512298167938931 0.24379399745547076 0.6516349694656488 0.23670380916030534 0.6743235725190839 0.2355896361323155 0.6801983002544529 0.22991748600508907 0.7049126717557253 0.22627110432569975 0.7190930483460559 0.22140925954198473 0.7346914631043256
0 0.23315871501272267 0.5562212926208652 0.22120668193384221 0.6066629185750636 0.2546318575063613 0.6139556819338422 0.2570627786259542 0.6070680712468194 0.2613168905852417 0.6042319949109415 0.2649632748091603 0.5920773867684478 0.2752946921119593 0.5951160407124682 0.2730663460559796 0.6072706488549618 0.2933240279898219 0.61233506870229 0.2949446437659033 0.6030165343511451 0.30000906361323154 0.6038268422391857 0.3079095597964377 0.5756686666666667 0.2898802213740458 0.5710093994910941 0.2874493002544529 0.5681733231552163 0.2430849796437659 0.5578419058524173 0.23315871501272267 0.5562212926208652
0 0.5386445470737914 0.7024817506361324 0.5295285903307888 0.7142312061068702 0.5226409796437659 0.7571774885496184 0.5177791348600509 0.7590006819338422 0.5094734860050891 0.7987057353689567 0.5133224452926209 0.802757272264631 0.6875385038167939 0.837195330788804 0.7154941043256998 0.6893142569974555 0.6664705165394402 0.6799957251908396 0.671332358778626 0.6504195089058524 0.5522171933842239 0.6338082111959288 0.545329582697201 0.6694617302798982 0.5386445470737914 0.7024817506361324
0 1 0.662387989821883 0.9686138320610687 0.6508246641221374 0.9686138320610687 0.6441396284987277 0.9321500050890585 0.6348210941475827 0.9299216615776081 0.6396829389312977 0.9068279033078881 0.6346185190839695 0.8966990636132316 0.6771596488549618 0.8946732951653944 0.6771596488549618 0.8944707175572519 0.68222406870229 0.884139300254453 0.7197007786259542 0.872389844783715 0.7729784809160306 0.8912294885496184 0.7774351704834606 1 0.8062803893129772 1 0.7254499185750636 0.9977848931297709 0.7257780839694657 0.9062201730279897 0.7022791730279899 0.9074356335877863 0.699848251908397 0.9153361297709924 0.6988353664122137 0.9913024351145039 0.7207136641221374 0.9979874681933841 0.6933657938931297 1 0.6871045852417303 1 0.662387989821883
0 1 0.4992346972010178 0.9768181933842239 0.49240959541984736 0.9731718091603053 0.4970688625954198 0.8880895496183205 0.4709364529262086 0.8812019363867685 0.4920044427480916 0.8919385089058525 0.49767659287531807 0.8828225521628498 0.5304940356234097 0.8862663562340968 0.5315069211195929 0.8878869720101781 0.5339378422391857 0.8838354351145038 0.5450795674300255 0.9551424732824427 0.5663501323155217 0.9525089745547074 0.5754660890585241 0.9666893511450381 0.5803279312977099 0.9709434656488549 0.5760738193384224 0.9820851908396946 0.5402177226463104 0.9867444554707379 0.5410280305343512 1 0.5386973842239186 1 0.4992346972010178
0 1 0.543126193384224 0.9861367251908397 0.5430537989821883 0.9722602137404579 0.5849871984732824 0.9641571424936386 0.585189776081425 0.9582824147582697 0.604434572519084 1 0.6207028193384224 1 0.543126193384224
0 1 0.38442356488549617 0.9831993613231552 0.37896658015267176 0.966385486005089 0.42981336132315523 0.9742859821882951 0.43427005089058524 0.9734756743002545 0.44156281679389314 0.9643597175572518 0.4729622213740458 1 0.4844261323155216 1 0.38442356488549617
0 1 0.2968340763358779 0.9844148218829516 0.2932765903307888 0.9819839007633587 0.29347916539440205 0.9732730992366412 0.33034814503816795 0.9894792442748092 0.3364254503816794 0.9850225547073791 0.3570882849872774 1 0.36207636895674294 1 0.2968340763358779
0 1 0.19918603053435113 0.9967720076335879 0.2120432875318066 1 0.2134621857506361 1 0.19918603053435113
0 0.8131361272264631 0.17097083969465648 0.8809993613231553 0.18494863867684477 0.8945720076335878 0.12539105597964378 0.8273165063613231 0.11202098727735368 0.8131361272264631 0.17097083969465648
0 0.8524360305343511 0.03443406615776082 0.8378504987277353 0.08669888549618321 0.9196915318066157 0.10817202798982188 0.9318461399491094 0.05550205597964377 0.8524360305343511 0.03443406615776082
0 0.7675563460559797 0.25747113740458016 0.765733155216285 0.26456132569974555 0.737777554707379 0.25747113740458016 0.7349414783715013 0.2613200966921119 0.7264332519083969 0.2884653893129771 0.7793058015267176 0.30224061323155216 0.7616816183206107 0.3624059262086514 0.8313680407124682 0.3834739134860051 0.8603365267175572 0.2840086997455471 0.7675563460559797 0.25747113740458016
0 0.8275190814249364 0.23336449618320612 0.8285319669211196 0.2447087989821883 0.866211251908397 0.2568634071246819 0.8647932162849873 0.26152267430025444 0.8716808269720101 0.2649664783715013 0.8832277048346057 0.22546400000000003 0.8348118473282442 0.21290423918575066 0.8275190814249364 0.23336449618320612
0 0.615218582697201 0.2945426946564886 0.6324376106870229 0.300214844783715 0.6259551526717557 0.3245240610687023 0.6531004478371502 0.3326271348600509 0.6782199720101781 0.24957064122137404 0.6863230432569976 0.2232356564885496 0.6397303765903308 0.20946043256997454 0.615218582697201 0.2945426946564886
0 0.5668027251908396 0.31662356743002545 0.6026588193384225 0.32594209923664125 0.6142056997455471 0.280564893129771 0.5793624860050891 0.2730695521628499 0.5668027251908396 0.31662356743002545
0 0.5362136259541985 0.20763724173027992 0.5645743791348601 0.21472743002544528 0.570449106870229 0.1926465572519084 0.5742980661577608 0.1894053282442748 0.5961763613231552 0.12113694402035624 0.4683503944020356 0.08791434605597966 0.44525663613231553 0.1561827302798982 0.541885776081425 0.18737955979643767 0.5362136259541985 0.20763724173027992
0 0.37121481170483456 0.10482950890585242 0.3627065852417303 0.1336967048346056 0.3634156055979643 0.13511474300254453 0.36331431552162846 0.13784952926208652 0.43188656743002546 0.16003168956743002 0.44161025445292623 0.12822713231552163 0.37121481170483456 0.10482950890585242
0 0.3735444452926209 0.1009805496183206 0.44312958015267173 0.12133951908396946 0.45062492366412216 0.09399164885496183 0.38316684478371504 0.075759737913486 0.3735444452926209 0.1009805496183206
0 0.33049687277353684 0.12498590330788803 0.3581486081424936 0.1347095903307888 0.3597692213740458 0.133595417302799 0.38114107633587785 0.06552960814249364 0.3517674376590331 0.056514938931297706 0.33049687277353684 0.12498590330788803
0 0.12984453944020355 0.20186380152671757 0.13055355979643765 0.21016945292620864 0.16114265903307887 0.21695577608142494 0.18231193384223918 0.11617381170483461 0.15121639440203563 0.10999521882951654 0.12984453944020355 0.20186380152671757
0 0.0006005343511450382 0.1826190050890585 0.12356465903307888 0.20854883715012723 0.13247803816793893 0.17694685496183207 0.007893300254452926 0.15162475318066157 0.0006005343511450382 0.1826190050890585
0 0.008906183206106871 0.1450410076335878 0.012957720101781171 0.14807965903307888 0.1328831933842239 0.17411077862595417 0.13379478880407125 0.17269274045801525 0.13399736641221374 0.16793218575063612 0.1469622824427481 0.10928619847328244 0.024099445292620862 0.08355894402035623 0.008906183206106871 0.1450410076335878