0 0 0.6991636234096692 0.005938608142493639 0.7006789923664123 0.0069514936386768445 0.7033124910941476 0.050910661577608145 0.710807834605598 0.0527338524173028 0.7053382595419848 0.05455704325699746 0.7049331068702289 0.06326784732824427 0.6644177430025445 0.06569876844783715 0.6636074376590331 0.07906883969465649 0.584399903307888 0 0.5715512162849873 0 0.6991636234096692
0 0 0.785430844783715 0.013231374045801526 0.7881921755725191 0.038958628498727735 0.7774556055979643 0.05020164376590331 0.712529737913486 0.004014129770992366 0.7035150687022901 0.004226875318066158 0.7002422061068702 0 0.6991636234096692 0 0.785430844783715
0 0 0.8550593893129771 0.0017857837150127226 0.8480536234096693 0.013940394402035624 0.8508896997455471 0.014142969465648856 0.8541309287531806 0.11765972010178118 0.8725654198473282 0.11988806615776082 0.8660829618320611 0.1306246361323155 0.798219727735369 0.040477956743002544 0.7816084300254453 0.008875972010178116 0.7937630381679389 0.0058373206106870235 0.8057150712468194 0 0.8048456819338422 0 0.8550593893129771
0 0.049796488549618316 0.7247856335877862 0.05415189058524173 0.7268114020356234 0.04503593384223918 0.7800891043256998 0.12854822391857507 0.794066903307888 0.129966262086514 0.7919398473282443 0.1370564503816794 0.7374466844783716 0.14009510432569974 0.7374466844783716 0.14050025699745547 0.7323822646310433 0.05374673791348601 0.7102001043256997 0.049796488549618316 0.7247856335877862
0 0.530055465648855 0.23282784478371502 0.559023951653944 0.23849999745547074 0.558618796437659 0.24234895674300252 0.5900182035623409 0.24842625954198472 0.5908285114503817 0.24640049109414758 0.6360031399491094 0.25389583460559795 0.644713941475827 0.2066954376590331 0.6315464503816793 0.203251631043257 0.6345851017811704 0.1852222951653944 0.5434255368956743 0.16678780407124683 0.530055465648855 0.23282784478371502
0 0.7524848066157761 0.2133804707379135 0.7530925368956743 0.21419077862595418 0.7488384249363867 0.2275608473282443 0.7784146386768447 0.23728453435114502 0.8083960076335878 0.24802110687022902 0.8124475419847328 0.23262526972010178 0.8197403078880406 0.23404330534351145 0.8474933307888041 0.14551723918575063 0.7794275216284987 0.12384152162849874 0.7524848066157761 0.2133804707379135
0 0.692319493638677 0.14653012468193385 0.7139952111959288 0.15362031297709924 0.7156158269720101 0.14916362086513996 0.7411405063613231 0.15483577353689568 0.7453946183206107 0.14268116539440204 0.7555234580152672 0.14571981679389312 0.7583595343511451 0.13478066921119594 0.765652300254453 0.13599612977099235 0.7816558676844785 0.08292100508905853 0.7735527938931298 0.08028750636132316 0.7830739058524173 0.04929325445292621 0.7168312875318066 0.030656185750636132 0.7064998702290076 0.06367620610687023 0.7040689491094148 0.06712001272264631 0.6862421882951654 0.12566471246819338 0.6961684529262087 0.1291085165394402 0.692319493638677 0.14653012468193385
0 0.6346636692111959 0 0.6335722188295165 0.0036121832061068704 0.641675290076336 0.007258564885496183 0.6355979847328245 0.03227680152671756 0.706398582697201 0.05466153944020356 0.7234024147582697 0 0.6346636692111959 0
0 0.5667223715012722 0 0.5602394122137405 0.02002090330788804 0.6256717226463104 0.04048116284987277 0.6285077964376591 0.03197293638676845 0.6342812366412214 0.009892063613231552 0.627191048346056 0.00705598727735369 0.6295832493638677 0 0.5667223715012722 0
0 0.17240610432569975 0.2225977175572519 0.17483702544529262 0.22401575318066158 0.17341898982188295 0.23151109669211198 0.19853851399491096 0.23900643765903307 0.2185936183206107 0.16405301781170484 0.18840967175572518 0.1587860203562341 0.17240610432569975 0.2225977175572519
0 0.34682474045801526 0.23394201781170482 0.3539149287531807 0.2110508371501272 0.31988202290076334 0.20173230534351144 0.3247438676844784 0.18066431552162848 0.2848362366412214 0.17114320610687023 0.2791640839694656 0.19180604071246818 0.24472602798982188 0.18370296946564885 0.23864872264631046 0.1814746234096692 0.2414847989821883 0.1703328982188295 0.22244257760814248 0.1666865165394402 0.20177974300254456 0.24629920356234097 0.19610759287531807 0.24467858778625956 0.1934740941475827 0.25612417811704835 0.19114446055979642 0.2555164478371501 0.1889161145038168 0.26210019592875317 0.22933018829516538 0.27273547837150125 0.23490105089058524 0.25298423918575064 0.3338598244274809 0.27871149363867687 0.34682474045801526 0.23394201781170482
0 0.23986418320610686 0.15625380916030535 0.24513118066157763 0.15726669465648854 0.24654921882951655 0.15260742748091602 0.28584911959287534 0.16354657506361323 0.2888877709923664 0.15625380916030535 0.32048975572519084 0.16415430534351144 0.326972213740458 0.132957475826972 0.29435734605597963 0.12505698218829517 0.29111611704834606 0.13113428498727736 0.24979044783715013 0.12019513740458015 0.23986418320610686 0.15625380916030535
0 0.025335338422391857 0.363692465648855 0.04903682697201018 0.36916204071246816 0.05673474554707379 0.34951208905852416 0.08063880916030534 0.35761516284987277 0.11953355725190841 0.37017492366412214 0.1493123486005089 0.28144627989821885 0.08671611195928752 0.26220148346055977 0.053493516539440206 0.25349067938931297 0.025335338422391857 0.363692465648855
0 0 0 0 0.054645918575063616 0.012750715012722647 0 0 0
0 0 0.0623718320610687 0.0012286972010178117 0.05719374809160306 0 0.05719374809160306 0 0.0623718320610687
0 0.012750715012722647 0 0.0009923944020356235 0.05039280407124682 0.03262810432569974 0.05942209414758269 0.033640987277353686 0.05577571246819338 0.07091512213740458 0.063473631043257 0.08165169211195929 0.01019592875318066 0.06990223664122137 0.007562430025445293 0.07009614503816794 0 0.012750715012722647 0