0 0.15043689821882952 0.7839028982188295 0.2585382519083969 0.7872810661577608 0.2632676844783715 0.705867234096692 0.15617978371501273 0.6984352671755725 0.15043689821882952 0.7839028982188295
0 0.2705307455470738 0.7126235674300254 0.2750912697201018 0.7129613842239186 0.27644253689567433 0.7293454961832062 0.2840434147582697 0.7330614809160305 0.28759048854961833 0.7333992977099237 0.28725267175572516 0.7404934478371501 0.3247503282442748 0.7425203486005089 0.3284663129770993 0.7181975445292621 0.3315066641221374 0.6599241603053435 0.3299864885496183 0.6592485267175573 0.3288041297709924 0.6523232824427481 0.27492236132315523 0.6481005750636133 0.2705307455470738 0.7126235674300254
0 0.37677410432569974 0.670903203562341 0.4019414503816794 0.6717477455470738 0.4026170839694656 0.6383038880407125 0.37880100508905856 0.6371215292620865 0.37677410432569974 0.670903203562341
0 0.5009217531806616 0.7018134325699745 0.4963612264631043 0.7168462773536897 0.49500995928753183 0.7266429618320611 0.49653013486005093 0.7269807786259541 0.4970368600508906 0.7300211297709923 0.4936586921119593 0.7384665470737913 0.48267964885496184 0.8340686819338422 0.49771249363867687 0.8350821323155216 0.49534777608142494 0.8492704351145038 0.5514253536895674 0.8551822264631043 0.5519320788804072 0.8431897328244274 0.5786195979643766 0.8450477251908396 0.5804775903307888 0.81988037913486 0.5826733994910941 0.8166711195928753 0.5916255419847328 0.8175156615776081 0.5936524427480916 0.7906592315521629 0.5872339262086514 0.7742751221374046 0.5933146259541985 0.7031646997455471 0.5004150279898218 0.6923545648854962 0.5009217531806616 0.7018134325699745
0 0.47034933842239185 0.8590671195928753 0.4615661043256997 0.9186917709923664 0.4620728295165394 0.9325422569974554 0.4575123027989822 0.9619323129770992 0.5602085877862596 0.9720668142493639 0.5618976717557251 0.9570339694656489 0.5662892875318066 0.9484196437659034 0.578112872773537 0.8497771603053436 0.5578438702290076 0.8475813511450382 0.5564926030534352 0.8597427531806615 0.4921385165394402 0.8534931424936386 0.4923074249363868 0.839473748091603 0.4722073307888041 0.837277941475827 0.47034933842239185 0.8590671195928753
0 0.5790418702290077 0.9125266157760814 0.5808998625954198 0.9145535165394402 0.5787040534351144 0.9245191094147582 0.6254916692111959 0.9346536132315522 0.6244782188295165 0.9405654045801527 0.64204468956743 0.944281389312977 0.6455917659033079 0.9253636513994911 0.6488010229007634 0.9263771017811704 0.6633271424936387 0.8556044987277354 0.5952570737913486 0.8409094707379134 0.5790418702290077 0.9125266157760814
0 0.6542817735368958 1 0.6645095012722647 0.9572873333333334 0.6189042442748092 0.9461393816793894 0.6202555114503817 0.9395519541984733 0.5790418702290077 0.9312754452926209 0.5743124351145038 0.9520511730279898 0.5741435267175573 0.9615100407124682 0.6080941094147583 0.9699554605597964 0.6114722748091603 0.9735025343511451 0.6037514860050891 0.9996967709923664 0.6451421679389313 1 0.6542817735368958 1
0 0.6981222671755726 0.9365116030534351 0.7388291806615777 0.944281389312977 0.7420384402035624 0.9398897709923665 0.7455855165394402 0.921647669211196 0.7438964325699745 0.9179316844783716 0.7042029669211195 0.909317358778626 0.6981222671755726 0.9365116030534351
0 0.7085945852417302 0.8956357811704835 0.7707528625954198 0.9071215496183206 0.7802117302798981 0.8480036208651399 0.7589292773536895 0.8425985547073791 0.7623074452926208 0.8277346183206107 0.7758201119592876 0.8294237022900762 0.7805495470737913 0.8108437811704835 0.7308904885496182 0.8034118142493638 0.7085945852417302 0.8956357811704835
0 0.7270055954198472 0.6309563740458015 0.7302148549618321 0.6424421424936386 0.7283568625954198 0.6515631959287532 0.7222761628498728 0.6738590992366411 0.7243030610687022 0.6809532493638677 0.7246408778625953 0.7106811221374046 0.7266677786259542 0.711694572519084 0.7232896132315522 0.7662519745547074 0.7210938040712468 0.7662519745547074 0.7183912697201017 0.8018916386768448 0.7518351246819338 0.8040874478371501 0.7849411653944021 0.8103370559796438 0.8111219618320611 0.8108437811704835 0.8133177709923665 0.7746973918575064 0.8182161119592876 0.7696301399491094 0.8148379440203563 0.7655763409669212 0.8205808295165394 0.7164240076335878 0.818047203562341 0.7093298549618321 0.8187228371501273 0.6964928193384223 0.8215942798982189 0.6789263511450382 0.8207497379134859 0.6483539363867684 0.8200741043256998 0.6235244071246819 0.7273434122137404 0.6181193384223919 0.7270055954198472 0.6309563740458015
0 1 0.6123393231552162 0.978256786259542 0.6105184631043257 0.9787635114503818 0.6029175877862595 0.9397456793893129 0.6013974122137404 0.9367053282442749 0.6546035470737913 0.9225170254452927 0.6532522798982188 0.9194766768447837 0.711694572519084 0.934002796437659 0.7123702061068703 0.9338338880407124 0.7376220050890585 0.9383099592875318 0.7382976386768448 0.9390700458015268 0.7410846284987278 0.9963299821882952 0.7422669872773536 1 0.7425645572519084 1 0.6739607150127226 0.9953165318066158 0.6736901908396946 0.9968367073791349 0.6556169949109415 1 0.6560821857506361 1 0.6123393231552162
0 1 0.7468667480916031 0.9324826208651399 0.74395606870229 0.9305401730279899 0.7794268269720103 0.9314691704834606 0.7795957353689568 0.9319758956743003 0.7841562595419848 0.962126038167939 0.7858453435114504 0.962126038167939 0.7806091857506361 1 0.782789806615776 1 0.7468667480916031
0 0.8436368218829516 0.9642125750636132 0.8682129872773536 0.9664928396946565 0.8798676641221373 0.8990984020356234 0.8530112340966921 0.8955513256997455 0.8512376972010177 0.9074593664122137 0.8436368218829516 0.9642125750636132
0 0 0.33283515776081424 0.0811422417302799 0.3380903867684478 0.08443595674300255 0.2739896641221374 0.0811422417302799 0.27284953180661575 0.08025547328244274 0.27094931297709923 0.0003555979643765904 0.26696211704834605 0 0.3302584351145038 0 0.33283515776081424
0 0.0003555979643765904 0.26104102798982187 0.07632835368956743 0.26803564376590333 0.07898866157760814 0.26702219338422395 0.08456263613231553 0.2668955114503817 0.08836307633587787 0.17695180916030534 0.0003555979643765904 0.17259477353689567 0.0003555979643765904 0.26104102798982187
0 0.09558390839694657 0.33074287277353687 0.08861643765903307 0.3312495979643766 0.08544940712468194 0.3334031806615776 0.08468931806615776 0.3441710890585242 0.2155510737913486 0.3511385572519084 0.2189714681933842 0.3448044936386768 0.22011159796437657 0.30642006870229005 0.24190077862595422 0.30794024427480915 0.2431675903307888 0.2777901017811705 0.15677096183206107 0.27246948854961833 0.0977374885496183 0.27069594910941475 0.09558390839694657 0.33074287277353687
0 0.09761080916030533 0.2637284809160305 0.10559172773536896 0.26398184223918575 0.10559172773536896 0.26562869974554704 0.23163959541984733 0.27373630025445295 0.23265304580152674 0.2530872519083969 0.2449411272264631 0.25258052671755726 0.24595457760814252 0.23155143765903308 0.2284725623409669 0.23117139185750638 0.22872592620865143 0.22825772264631045 0.2394938320610687 0.22762431806615777 0.23974719592875318 0.22078352926208653 0.23341313231552163 0.22053016539440204 0.23303308905852416 0.2163496844783715 0.2351866692111959 0.21508287022900763 0.23531335114503818 0.20798872010178115 0.21491766666666667 0.20735531297709925 0.2146643027989822 0.2101423027989822 0.20009595674300254 0.20950889567430026 0.13966898982188294 0.20469500763358778 0.13954231043256998 0.20292146819338422 0.10141124681933841 0.20165465648854963 0.09761080916030533 0.2637284809160305
0 0.10559172773536896 0.19595400000000002 0.11243251653944021 0.1987409872773537 0.21694456743002544 0.20406160050890584 0.22125173027989822 0.20583513740458015 0.22391203562340967 0.17707848854961833 0.22087168702290075 0.17340473282442748 0.1069852213740458 0.170871106870229 0.10559172773536896 0.19595400000000002
0 0.39624145292620866 0 0.39543847837150126 0.11462462340966921 0.4507981959287532 0.11601811704834605 0.4514316030534351 0.10968405343511449 0.45016478880407124 0.10765715267175573 0.44978474554707376 0.05090394147582697 0.4733474631043257 0.028101312977099235 0.4732242111959287 0 0.39624145292620866 0
0 0.4533318218829516 0.05419765648854962 0.4533318218829516 0.08105408396946565 0.5526499389312978 0.08130744783715013 0.5531566641221374 0.08029399745547074 0.5589840025445293 0.07978727226463105 0.5587306386768448 0.028101312977099235 0.47613445038167934 0.03266183969465649 0.4533318218829516 0.05419765648854962
0 0.45282509669211196 0.10664370229007633 0.4553587226463104 0.11107754707379135 0.4558654452926209 0.11829837913486003 0.5577171882951654 0.11753829262086514 0.5580972340966921 0.08472784223918575 0.5540434325699746 0.08434779898218829 0.5525232569974554 0.08346103053435114 0.45269841475826966 0.08447447837150128 0.45282509669211196 0.10664370229007633
0 0.5596807480916031 0.0675942010178117 0.5627210992366413 0.09644586005089058 0.6074395877862595 0.09175865139949109 0.6077562926208652 0.08434779898218829 0.6021823155216285 0.02303406361323155 0.6062361170483461 0.02303406361323155 0.6050959847328244 0.003525147582697201 0.5570837837150128 0.0074522671755725195 0.5587306386768448 0.028101312977099235 0.5596807480916031 0.0675942010178117
0 0.6059827531806615 0.031711730279898216 0.6118100916030534 0.08732480916030534 0.6147237608142493 0.09353219083969465 0.703273972010178 0.08415777608142493 0.6966865445292622 0.017016702290076336 0.6081363358778626 0.026644478371501273 0.6059827531806615 0.031711730279898216
0 0.6428470050890585 0.1055035699745547 0.6472808498727736 0.1452814910941476 0.6495611119592875 0.14540817048346058 0.6561485368956743 0.1853127709923664 0.6542483180661578 0.18645290330788805 0.6552617684478371 0.19190019847328244 0.6584288015267176 0.19190019847328244 0.6618491959287532 0.21356269465648856 0.6583021195928753 0.2141961017811705 0.669956796437659 0.2750031119592875 0.6998535776081425 0.2713293562340967 0.7009937073791348 0.2695558193384224 0.6728704656488549 0.09498902544529261 0.6408201043256997 0.09885280407124682 0.6428470050890585 0.1055035699745547
0 0.5897675521628499 0.16770407633587786 0.627011844783715 0.16770407633587786 0.6262517582697201 0.11500466666666667 0.5892608269720102 0.11500466666666667 0.5897675521628499 0.16770407633587786
0 0.7064410025445292 0.27183608142493637 0.8133599974554708 0.2541007022900763 0.8034788575063614 0.1850594096692112 0.7191091297709924 0.19798089821882953 0.7165755038167939 0.19405377862595422 0.7123950229007634 0.16086328753180662 0.7970181119592875 0.1487018854961832 0.7846033486005088 0.07776037150127227 0.6773043104325699 0.09258208142493639 0.7064410025445292 0.27183608142493637
0 0.33349133842239187 0.31212072519083967 0.31651604834605596 0.31288081424936387 0.3174028167938931 0.33783702290076334 0.32082321119592877 0.33783702290076334 0.32209002290076333 0.34252423155216283 0.3294375368956743 0.34189082442748087 0.3295642188295166 0.3388504732824428 0.33450478880407125 0.338343748091603 0.33602496183206104 0.3396105623409669 0.41482071501272266 0.3354300788804071 0.4138072646310432 0.3022395852417303 0.4051929389312977 0.29970596183206105 0.3326045699745547 0.3029996743002545 0.33349133842239187 0.31212072519083967
0 0.33779850127226463 0.3900297073791349 0.3547737913486005 0.3895229821882951 0.35819418575063616 0.39218329007633584 0.35958767938931296 0.40447137404580147 0.36186794147582696 0.4043446921119593 0.3645282493638677 0.4431091603053435 0.42305499745547076 0.4388019974554707 0.42153482188295166 0.4099186666666667 0.432176048346056 0.40852517302798985 0.4306558727735369 0.38597590839694657 0.4262220279898219 0.38521581933842236 0.425461941475827 0.3527854147582697 0.4211547786259542 0.3508851959287532 0.41292049618320614 0.35227868956743 0.40912005597964374 0.3543055903307888 0.4101335063613232 0.3873694020356234 0.4051929389312977 0.38711603816793894 0.4051929389312977 0.38116201781170483 0.4064597506361323 0.38078197455470736 0.4063330687022901 0.35316545801526716 0.33640500763358777 0.3573459389312977 0.33779850127226463 0.3900297073791349
0 0.4302758295165394 0.379008437659033 0.43268277353689566 0.38445573282442747 0.49348978371501273 0.3809086564885496 0.49298305852417307 0.37812166921119594 0.49767026717557256 0.3764748117048346 0.4980503104325699 0.37292773536895674 0.5021041119592876 0.37292773536895674 0.5021041119592876 0.38002188804071246 0.5200928524173027 0.37862839440203566 0.5426421170483461 0.37736158015267174 0.5406152188295166 0.33859711195928754 0.5179392697201017 0.33859711195928754 0.4999505292620865 0.3402439669211196 0.499570486005089 0.3468313944020356 0.42862897201017813 0.3513919211195929 0.4302758295165394 0.379008437659033
0 0.42140813994910936 0.34746480152671755 0.4942498727735369 0.34252423155216283 0.500203893129771 0.3384704300254453 0.49691017811704835 0.2828573511450381 0.41659425190839694 0.28805128498727733 0.42140813994910936 0.34746480152671755
0 0.5017240661577608 0.30287299236641224 0.5031175623409669 0.30287299236641224 0.5052711424936387 0.331629641221374 0.5064112748091603 0.33112291603053434 0.5072980432569975 0.33783702290076334 0.5241466513994911 0.3365702111959288 0.5416286666666666 0.3359368040712468 0.5375748676844784 0.2565076463104326 0.519712806615776 0.2573944147582697 0.5086915368956743 0.25904127226463103 0.5009639796437658 0.26334843511450384 0.5017240661577608 0.30287299236641224
0 0.5465692366412214 0.3018595419847328 0.5473293256997456 0.3018595419847328 0.5484694554707379 0.30946041984732825 0.5468226005089059 0.3103471882951654 0.5472026437659033 0.3152877582697201 0.5489761806615776 0.316047844783715 0.555056882951654 0.3615264223918575 0.5607575394402036 0.361273058524173 0.5626577582697201 0.3632999592875318 0.6034491297709924 0.3582327073791348 0.602562358778626 0.3518986437659033 0.6372730279898219 0.34746480152671755 0.6290387455470738 0.2885580076335878 0.6263784402035624 0.28450420865139947 0.6204244198473282 0.24257270737913486 0.5622777150127226 0.2472599134860051 0.5616443078880408 0.24345947582697203 0.5453024249363868 0.24434624427480917 0.5458091501272264 0.2522004834605598 0.5403618549618321 0.2541007022900763 0.5465692366412214 0.3018595419847328
0 0.5283271348600509 0.5310259643765903 0.565444748091603 0.5302658753180661 0.5672182849872773 0.5286190203562341 0.5637978905852418 0.4641382519083969 0.5265535954198474 0.4655317455470738 0.5283271348600509 0.5310259643765903
0 0.5964816590330789 0.565609951653944 0.6286587022900764 0.56332968956743 0.6268851628498728 0.5423005979643766 0.5944547582697202 0.5448342213740458 0.5964816590330789 0.565609951653944
0 0.6375263918575064 0.5673834885496183 0.664889544529262 0.5648498625954198 0.6633693715012723 0.5402736972010178 0.6365129414758269 0.5430606844783715 0.6375263918575064 0.5673834885496183
0 0.6575420330788804 0.5154441679389313 0.6854119109414758 0.5136706284987277 0.686172 0.49340162595419845 0.6580487582697201 0.4941617124681934 0.6575420330788804 0.5154441679389313
0 0.7160687786259542 0.5227916819338423 0.7482458218829516 0.5189912442748091 0.745458834605598 0.493654989821883 0.7659812010178118 0.490868 0.7657278396946565 0.48554738676844783 0.7581269618320611 0.4305677150127226 0.7533130737913486 0.4130856997455471 0.7069477277353691 0.4181529491094148 0.7074544529262087 0.43690177862595425 0.7059342773536895 0.4394354045801527 0.7160687786259542 0.5227916819338423
0 0.7049208269720102 0.4133390610687023 0.7312705318066158 0.4105520737913486 0.7317772569974554 0.4006709338422392 0.7505260865139949 0.3983906717557252 0.7505260865139949 0.38673599491094146 0.7049208269720102 0.38749608142493636 0.7049208269720102 0.4133390610687023
0 0.7561537557251908 0.42340186259541984 0.7581269618320611 0.4305677150127226 0.7596471374045801 0.43044103307888043 0.763130872773537 0.4552072213740458 0.8153235572519084 0.446466213740458 0.8067092290076335 0.3661502875318066 0.8026554300254453 0.358296048346056 0.7530597124681934 0.36520017811704836 0.7561537557251908 0.42340186259541984
0 0.8067092290076335 0.3661502875318066 0.814942165394402 0.4429102926208652 0.8170337531806616 0.44418595165394403 0.8178571832061068 0.45913434096692113 0.8675162417302799 0.45356036641221376 0.8687830534351145 0.44975992875318066 0.8530745750636133 0.34537455979643766 0.8062025038167939 0.3544956106870229 0.8067092290076335 0.3661502875318066
0 0.7923942468193383 0.5548420432569975 0.7979682213740459 0.5548420432569975 0.7994883969465648 0.558895844783715 0.8334389796437659 0.5576290305343512 0.8334389796437659 0.5594025699745547 0.8499075445292621 0.55965593129771 0.8499075445292621 0.5543353180661578 0.8962728905852417 0.5510416055979643 0.8950060763358779 0.5333062264631043 0.8934859007633588 0.5097435114503817 0.8509209949109414 0.5102502340966921 0.8501609058524172 0.5272255267175573 0.8316654402035624 0.5282389770992366 0.8319188040712469 0.5350797659033079 0.7916341577608144 0.5373600279898219 0.7923942468193383 0.5548420432569975
0 0.888418651399491 0.43778854707379133 0.8960195267175572 0.4836471679389313 0.9829228804071247 0.47376602798982187 0.9747452544529261 0.4230855089058524 0.8871518371501272 0.4350015597964377 0.888418651399491 0.43778854707379133
0 0.9059006666666667 0.5251986259541985 0.9882434936386768 0.5168376615776081 0.9882434936386768 0.5056897099236641 0.9895103053435114 0.5031560839694657 0.9857098676844784 0.47832655470737917 0.8967796157760815 0.48972787022900766 0.9059006666666667 0.5251986259541985
0 0.8673895597964376 0.39598372773536894 0.8970329770992366 0.3931967404580153 0.9005800534351145 0.3881294885496183 0.8919657251908397 0.3133875394402036 0.8575084198473283 0.31668125190839697 0.8673895597964376 0.39598372773536894
0 0.7989816717557252 0.34353768193384226 0.8030354732824427 0.34277759287531806 0.8045556488549618 0.35101187531806616 0.8317921221374045 0.34746480152671755 0.8516810814249364 0.34239754961832064 0.8532012569974554 0.33707693638676844 0.8359726030534351 0.2587879109414758 0.7868202697201018 0.2682890050890585 0.7989816717557252 0.34353768193384226
0 0.7427351882951654 0.2876712391857506 0.7386813867684479 0.2993259160305344 0.7462822620865139 0.3530387760814249 0.7754189567430025 0.35101187531806616 0.7939144223918575 0.3454379007633588 0.7833998753180661 0.26613542493638676 0.7583169847328244 0.2710759923664122 0.7396948371501272 0.27246948854961833 0.7427351882951654 0.2876712391857506
0 0.8663761094147583 0.24662650890585242 0.8894321017811704 0.24383951908396945 0.9000733282442748 0.23142475572519083 0.8881652875318067 0.19164683460559795 0.8504142697201018 0.20203469974554708 0.8663761094147583 0.24662650890585242
0 1 0.2358147913486005 0.9716482468193384 0.23839222391857504 0.9772222213740458 0.28830464631043257 0.9967311374045801 0.2875445597964376 1 0.286939213740458 1 0.2358147913486005