0 0 1 0.05452681170483461 1 0.05978674045801527 0.9457998625954198 0 0.9398413867684479 0 1
0 0.1556084885496183 1 0.14776688549618322 0.9993227022900762 0.14840029262086513 0.9743031501272265 0.10361846055979643 0.9703760305343512 0.10038675572519083 1 0.1556084885496183 1
0 1 0.8231294147582697 0.9981149236641221 0.8309210636132316 0.998959465648855 0.8322723307888041 0.9969325674300253 0.8417311984732825 0.9898384147582698 0.8535547837150127 0.9873047888040712 0.8810868473282443 1 0.8833443638676844 1 0.8231294147582697
0 0.9553811094147582 0.8283874376590331 0.9888249643765903 0.8321034223918574 0.9942300330788804 0.7880183384223919 0.9906829567430024 0.7846401730279898 0.9768324707379135 0.7814309134860051 0.9597727277353689 0.7834578142493638 0.9553811094147582 0.8283874376590331
0 1 0.746804699745547 0.998959465648855 0.746804699745547 0.9930476743002545 0.783795631043257 0.9938922162849874 0.7862448015267176 1 0.7871509669211195 1 0.746804699745547
0 0.8752340916030534 0.9598825979643766 0.9041174198473283 0.9632607659033079 0.9098603053435115 0.9154596997455471 0.8818215165394402 0.9114058982188296 0.8752340916030534 0.9598825979643766
0 0.7635856641221374 0.8906301704834605 0.8667886717557252 0.9021159389312977 0.8708424732824427 0.8722191577608143 0.7667949211195929 0.8587064885496184 0.7635856641221374 0.8906301704834605
0 0.7673016463104326 0.8516123384223918 0.7772672391857507 0.8566795877862595 0.866873127226463 0.8679119949109414 0.8675487608142494 0.8662229109414759 0.8712647455470738 0.8664762748091602 0.8748962748091602 0.8204487455470738 0.8252372162849873 0.8162260356234097 0.8243926743002544 0.8108209669211196 0.7730445318066158 0.8043179949109415 0.7673016463104326 0.8516123384223918
0 0.8786122569974555 0.8134390483460561 0.8819059720101781 0.8204487455470738 0.8817370636132316 0.8260227201017812 0.9003169821882951 0.8292319796437659 0.9342675648854961 0.8281340763358778 0.9359566463104325 0.786075893129771 0.8839328727735369 0.7788128346055979 0.8786122569974555 0.8134390483460561
0 0.7753247938931298 0.7894540610687023 0.7810676793893131 0.7973927531806616 0.8265040279898218 0.8026289134860051 0.8265040279898218 0.8012776463104325 0.850320106870229 0.8026289134860051 0.8516713740458015 0.7747590330788804 0.8285309287531807 0.7715497735368957 0.8292065623409669 0.7580371043256998 0.7800542290076335 0.752632038167939 0.7753247938931298 0.7894540610687023
0 0.6807361119592875 0.8772864096692111 0.6817495623409668 0.8774553180661578 0.6822562849872773 0.8835360178117048 0.7545490661577607 0.8914747124681933 0.7579272315521629 0.8622535648854962 0.6837764605597965 0.8538081475826972 0.6807361119592875 0.8772864096692111
0 0.6908706132315522 0.8027978218829517 0.6900260712468194 0.801108737913486 0.6564133078880408 0.7989129287531807 0.6496569720101781 0.8019532798982189 0.6268543435114504 0.8034734554707379 0.6190845572519084 0.8744149669211196 0.6770201272264631 0.8842116513994911 0.6842831857506362 0.8188441145038169 0.6861411781170483 0.8131012315521629 0.6895193460559796 0.8117499643765904 0.6898571628498728 0.8107365139949109 0.6927286055979643 0.8107365139949109 0.691715155216285 0.8196886564885497 0.6898571628498728 0.8196886564885497 0.68901262086514 0.8237424580152672 0.6869857201017812 0.8244180916030535 0.6846210025445293 0.8478963536895675 0.7584339567430026 0.8581997633587787 0.763332300254453 0.8125945063613232 0.6908706132315522 0.8027978218829517
0 0.6363132111959288 0.7489160534351145 0.6599603816793894 0.7512807709923663 0.6582712977099237 0.7729010407124682 0.6307392366412213 0.7713808651399491 0.6276988854961832 0.8002641959287532 0.6496569720101781 0.8019532798982189 0.6564133078880408 0.7989129287531807 0.6765048982188295 0.800225445292621 0.6771045801526717 0.7970549363867685 0.7651902926208651 0.8075272544529262 0.7662881959287531 0.8101453358778625 0.769497455470738 0.8108209694656489 0.7715243562340967 0.7738300356234097 0.7436544758269721 0.7707896870229007 0.7450057430025445 0.7283936870229007 0.6380022951653944 0.7276336005089059 0.6363132111959288 0.7489160534351145
0 0.5147836437659032 0.7638644427480916 0.5136012849872773 0.7756880279898218 0.5120811094147583 0.7768703867684479 0.506844951653944 0.8044024503816793 0.4924877404580153 0.802206641221374 0.4884339389312977 0.803389 0.47796162086514 0.881593572519084 0.5007642493638677 0.885816282442748 0.49671045038167944 0.9179088702290076 0.5396131730279898 0.9231450305343512 0.5404577150127227 0.9146996106870229 0.5644427022900763 0.9158819694656489 0.5669763282442748 0.8978087760814248 0.5691721374045802 0.8974709592875318 0.5769419211195929 0.8501766157760815 0.5740704809160305 0.8474740839694657 0.5825158982188295 0.785991437659033 0.5590376361323155 0.7810930966921119 0.5620779847328244 0.7511963155216285 0.5347148320610687 0.7488315979643766 0.5147836437659032 0.7638644427480916
0 0.4543144503816794 0.7858225292620865 0.4507673740458015 0.7929166819338422 0.44046396437659036 0.8672363613231552 0.43708579643765905 0.8650405521628499 0.4348899898218829 0.8668985445292621 0.43032946310432574 0.8925726157760815 0.4375080687022901 0.8971331424936387 0.4747523613231552 0.9001734910941477 0.4893629363867685 0.7905519643765903 0.4543144503816794 0.7858225292620865
0 0.42762692875318065 0.7871737964376591 0.42509330279898216 0.7897074223918574 0.4179991526717557 0.8586220356234098 0.43725470483460566 0.860817844783715 0.43725470483460566 0.8567640432569974 0.4391126972010178 0.8528791501272265 0.4484026564885496 0.7836267226463105 0.42813365394402036 0.7810930966921119 0.42762692875318065 0.7871737964376591
0 0.35128034860050894 0.7778838371501272 0.3185121272264631 0.7745056692111959 0.3159785012722646 0.7706207786259542 0.3114179745547074 0.7697762366412214 0.309222165394402 0.7883561552162849 0.2916556972010178 0.7870048880407124 0.2850682697201018 0.8432513740458015 0.32155247582697205 0.845785 0.3234104681933842 0.8398732061068703 0.40854028498727735 0.8511900661577608 0.4134386259541985 0.8471362671755726 0.41445207633587783 0.8400421145038168 0.41512770992366416 0.839197572519084 0.4230664020356234 0.7804174631043258 0.4191815114503817 0.7795729211195929 0.42002605343511445 0.7694384198473282 0.3710426284987277 0.7631888091603053 0.35128034860050894 0.7778838371501272
0 0.32096129770992365 0.8509367048346055 0.31732976844783717 0.8895322646310433 0.3547429694656488 0.8943461526717558 0.3569387786259542 0.8845494681933843 0.4028818549618321 0.8897011730279898 0.40718901781170486 0.8868297328244276 0.4103982748091603 0.8599733027989822 0.40541547837150127 0.8547371424936386 0.32695754452926207 0.8444337328244275 0.32096129770992365 0.8509367048346055
0 0.2451214427480916 0.7501828651399491 0.24917524427480917 0.7515341323155216 0.24106764122137403 0.8373395801526717 0.27907202290076333 0.8412244732824428 0.28447709160305346 0.8180840279898219 0.2888687099236641 0.7804174631043258 0.2907266997455471 0.7795729211195929 0.29224687531806615 0.7721409541984733 0.2898821577608142 0.7709585954198473 0.2915712417302799 0.7483248727735369 0.29900321119592876 0.7407239974554708 0.3199478473282443 0.7432576234096693 0.316991951653944 0.7696073282442747 0.32062348091603055 0.7729010407124682 0.3467198244274809 0.7760258447837151 0.34976017302798984 0.7745901246819339 0.35280052417302804 0.7446088905852418 0.4033041246819339 0.7515341323155216 0.41901260305343513 0.7523786743002545 0.41901260305343513 0.755250117048346 0.4837045063613231 0.7652157099236642 0.4842112315521629 0.7609929999999999 0.5105609363867685 0.7638644427480916 0.5316744809160305 0.7469736081424937 0.5271139541984733 0.7397105470737914 0.5284652213740458 0.7289004122137404 0.4431664987277354 0.7184280941475827 0.4426597735368957 0.7209617201017812 0.3409769389312977 0.707955776081425 0.33455841984732826 0.7022128905852417 0.2528912264631043 0.6937674732824428 0.2451214427480916 0.7501828651399491
0 0.13186838422391858 0.7482404198473283 0.12815240203562342 0.7747590330788804 0.17696691857506364 0.7813464580152673 0.18422997709923666 0.7761947531806616 0.1990939134860051 0.6745963740458015 0.1428474300254453 0.6674177684478372 0.13186838422391858 0.7482404198473283
0 0.21953182697201018 0.7065200534351145 0.24317899745547072 0.7142898396946565 0.2526378651399491 0.6909804834605598 0.22848396946564886 0.6815216157760814 0.21953182697201018 0.7065200534351145
0 0 0.6814841246819339 0.01937541475826972 0.6843086055979645 0.022500221374045802 0.6821972493638677 0.028580921119592876 0.6348184529262086 0 0.6302467175572519 0 0.6814841246819339
0 0 0.7138250687022901 0.017432969465648856 0.7160633765903308 0.02148677099236641 0.6919094809160306 0.018784236641221374 0.688193496183206 0 0.6852660839694656 0 0.7138250687022901
0 0.061686961832061064 0.6802548040712468 0.10340732569974555 0.6832951552162849 0.10577204325699746 0.6522160152671757 0.06574076081424936 0.6490067557251908 0.061686961832061064 0.6802548040712468
0 0 0.05530864885496183 0.06776766157760815 0.06475273027989822 0.07438547582697201 0.0133404631043257 0 0.0033327786259541984 0 0.05530864885496183
0 0 0.10714205343511451 0.055944076335877856 0.11491851399491095 0.06185587022900763 0.07150906361323156 0 0.06276304834605598 0 0.10714205343511451
0 0.09006356488549619 0.10309492875318066 0.1479991348600509 0.11255379643765905 0.15576891857506361 0.09988566921119593 0.1693079185750636 0.021666994910941477 0.1062113231552163 0.011120055979643766 0.09006356488549619 0.10309492875318066
0 0.39713896946564886 0.05732076081424937 0.3897070025445293 0.0571518524173028 0.3805859491094148 0.11390506361323155 0.40102386259541983 0.11694541221374045 0.4011927709923664 0.12589755725190838 0.41048273027989823 0.1262353740458015 0.41065163867684484 0.12843118320610689 0.41538107379134864 0.13079589821882953 0.4625065063613232 0.13400515776081423 0.46504013231552166 0.13079589821882953 0.4779446386768448 0.01667107633587786 0.4020806946564885 0.007974478371501273 0.39713896946564886 0.05732076081424937
0 0.40440202798982183 0.1380589592875318 0.39156499236641223 0.13822786768447837 0.3900448193384224 0.15646996946564884 0.41470544020356237 0.163395213740458 0.46453340712468194 0.16677337913486007 0.46453340712468194 0.16221285496183205 0.5108142977099237 0.16592883969465647 0.5150370076335878 0.16255067175572518 0.5157126412213741 0.14430856743002546 0.5136857404580153 0.14346402544529263 0.5135168320610687 0.14126821882951654 0.41808360559796437 0.13451188295165395 0.4055843867684479 0.13434297455470737 0.40440202798982183 0.1380589592875318
0 0.38320403053435115 0.21474335623409668 0.3980679643765903 0.21508117302798982 0.4093848269720102 0.21761479643765905 0.41073609160305347 0.21879715521628498 0.46867166157760815 0.22369549872773536 0.4696851119592876 0.22082405597964377 0.47154310432569974 0.19498107633587786 0.46647585241730277 0.19362980916030534 0.46613803562340966 0.1917718193384224 0.4568480763358779 0.1904205521628499 0.45786152671755725 0.17065827226463107 0.3865821959287532 0.16778682951653945 0.38320403053435115 0.21474335623409668
0 0.38033258778625956 0.24649812722646308 0.39553434096692114 0.24801830279898218 0.39908141475826975 0.2540990050890585 0.46529349363867684 0.25916625445292624 0.4666447608142494 0.25021411195928756 0.46799602798982187 0.24717376081424935 0.4696851119592876 0.2297762010178117 0.46546240203562345 0.2258913078880407 0.4076957430025445 0.22099296437659033 0.40212176590330784 0.22318877353689567 0.38219058015267177 0.22268204834605598 0.38033258778625956 0.24649812722646308
0 0.4691783867684478 0.1785125114503817 0.4747523613231552 0.17910369211195928 0.4712897404580153 0.24742712468193384 0.4724720992366412 0.2475960330788804 0.4720498295165394 0.25950407124681935 0.5292253104325699 0.26398014249363866 0.5311677557251908 0.23940397709923664 0.53268793129771 0.23915061323155218 0.5330257480916031 0.2372081679389313 0.549916582697201 0.2381371628498728 0.5523657557251909 0.20165295674300254 0.5445959694656489 0.20047059796437658 0.5454405114503817 0.18611338676844782 0.5366572773536895 0.18493103053435117 0.5368261857506361 0.17243181170483463 0.5056203664122138 0.17023600254452925 0.5053247760814249 0.17137613231552162 0.4941768244274809 0.1715450407124682 0.4940501424936387 0.16930700508905855 0.4690094783715013 0.16736455979643766 0.4691783867684478 0.1785125114503817
0 0.494725776081425 0.1304580814249364 0.5818824910941476 0.13991695165394402 0.5845850254452927 0.1323160737913486 0.589483368956743 0.07691413231552162 0.5420201170483461 0.07150906361323156 0.5426957506361323 0.05546276844783715 0.5036779185750636 0.05073333587786259 0.494725776081425 0.1304580814249364
0 0.5176773638676845 0 0.5153325954198473 0.025397081424936387 0.5825581246819339 0.038065208651399486 0.5827270330788804 0.03637612468193384 0.5847539338422392 0.03620721628498728 0.5910004147582697 0.00020304834605597963 0.5708985979643766 0 0.5176773638676845 0
0 0.41466321119592875 0.5873552035623409 0.5288452646310432 0.6103267404580153 0.5315477989821883 0.5883686539440204 0.5457361017811705 0.5814434122137404 0.5523235267175572 0.5444524809160305 0.5440470178117048 0.5431012137404579 0.5413444834605597 0.5385406870229008 0.544722651399491 0.5084749974554708 0.5084073536895675 0.501887572519084 0.512461155216285 0.47469332569974554 0.5107720712468193 0.473342058524173 0.4648289949109415 0.4643899160305343 0.46195755470737915 0.4659100916030534 0.457734844783715 0.48888162849872774 0.45232977608142494 0.4927665216284987 0.4329053155216285 0.4887127201017812 0.41466321119592875 0.5873552035623409
0 0.6244473994910942 0.7142053842239187 0.6855922264631044 0.7241709770992367 0.7004561628498728 0.6251906768447837 0.6975847201017812 0.6218125114503817 0.6381289770992367 0.6116780076335878 0.6244473994910942 0.7142053842239187
0 0.7141377404580153 0.4949623307888041 0.6533307302798983 0.4846589185750636 0.6445474936386768 0.5312776284987277 0.6491080203562342 0.5322910788804072 0.6350886259541985 0.5988409720101782 0.69961162086514 0.6130292748091603 0.7132931984732824 0.5471550127226463 0.7089015801526718 0.5461415648854961 0.7141377404580153 0.4949623307888041
0 0.6862678600508906 0.4483436208651399 0.6585668880407124 0.44361418829516536 0.6516416463104325 0.4812807531806616 0.7165024580152671 0.49225979643765905 0.7183604478371501 0.4861790941475827 0.7163335496183206 0.485672368956743 0.7224142493638677 0.44344527989821886 0.7188671730279897 0.4415872875318066 0.7186982646310432 0.4353376768447837 0.6901527531806616 0.4312838778625954 0.6862678600508906 0.4483436208651399
0 0.6631274147582698 0.15883468702290077 0.6968246335877862 0.16314184987277353 0.7800964554707379 0.17158726972010177 0.7829678982188295 0.14304175572519084 0.8554295852417303 0.15418970737913487 0.860159020356234 0.11770550127226463 0.6698837480916031 0.09194697455470736 0.6631274147582698 0.15883468702290077
0 0.6988515318066159 0.20435549109414758 0.7044255089058524 0.2057067582697201 0.7056078676844785 0.2072269338422392 0.7937780330788804 0.21854379389312975 0.7993520076335877 0.1783436030534351 0.7081414936386768 0.16837801017811704 0.7040876921119592 0.17124945292620866 0.6988515318066159 0.20435549109414758
0 0.6912506564885497 0.25975743511450383 0.7841502569974554 0.2720877455470738 0.7846569821882953 0.26938521119592873 0.7878662391857507 0.26870957760814246 0.7932713078880408 0.22377995419847327 0.7780695547073792 0.2217530534351145 0.7763804707379135 0.2193883358778626 0.7098305776081425 0.21043619338422392 0.697331358778626 0.21094291857506361 0.6912506564885497 0.25975743511450383
0 0.8046726234096692 0.17952596183206107 0.8033213562340966 0.17952596183206107 0.7911599541984733 0.2713276564885496 0.8389610203562341 0.2780839923664122 0.8436904529262087 0.2713276564885496 0.8556829491094147 0.17065827226463107 0.8061083435114504 0.16466202544529263 0.8046726234096692 0.17952596183206107
0 0.864804 0.27740835877862596 0.8918293384223918 0.2804487099236641 0.9002747557251908 0.23078964885496184 0.8722359669211195 0.2258913078880407 0.864804 0.27740835877862596
0 0.9239219262086514 0.2855159592875318 0.9776347862595419 0.29159666157760816 0.9832087608142493 0.2698074809160305 0.991485272264631 0.26997638931297707 0.9967214300254453 0.22318877353689567 0.9337186106870229 0.2182904300254453 0.9239219262086514 0.2855159592875318