0 0.013599213740458015 1 0.00825913486005089 0.9998513893129771 0.008258437659033079 1 0.013599213740458015 1
0 0.2660265597964377 1 0.26618220356234096 0.9957975877862596 0.26694229262086516 0.9922505139949109 0.2722629058524173 0.9922505139949109 0.2732763562340967 0.9767953969465648 0.26846246819338426 0.9760353104325701 0.2747965318066158 0.9058538854961833 0.21500296946564884 0.9010399974554708 0.20660498982188297 1 0.2660265597964377 1
0 0.45641109923664125 1 0.46247483460559796 0.8946425928753181 0.41762966412213737 0.896162768447837 0.3768382951653944 0.8903354300254452 0.36847733078880407 0.9932006234096693 0.452741048346056 1 0.45641109923664125 1
0 0.5394838117048346 1 0.5453243867684479 0.9367007760814249 0.5448176615776081 0.9313801628498727 0.4741295114503817 0.9237792849872773 0.47286269974554707 0.9255528244274809 0.46574501017811704 1 0.5394838117048346 1
0 0.6375800254452926 0.9961776335877863 0.6546819949109415 0.9984578956743003 0.6554420839694656 0.9883233944020356 0.7322109338422391 0.9936440076335877 0.7327176590330788 0.9974444452926209 0.7377849109414759 0.9978244885496182 0.7458925114503817 0.9956709083969466 0.7510864452926208 0.9290365572519084 0.643154 0.9216890458015267 0.6375800254452926 0.9961776335877863
0 0.7310322697201018 1 0.7298673307888041 0.9980778524173028 0.6631063002544529 0.9932639643765903 0.6624728931297711 0.9941507328244275 0.6549809058524173 0.9944724351145039 0.6546819949109415 0.9984578956743003 0.6562021704834605 0.9987745979643766 0.65613593129771 1 0.7310322697201018 1
0 0.8000659440203561 1 0.8005554809160306 0.9932639643765903 0.8049893256997456 0.9331325852417304 0.7549079949109414 0.9298388727735368 0.7511920127226462 0.996050951653944 0.7647046819338422 0.9977400356234096 0.7644885903307888 1 0.8000659440203561 1
0 0.7114985470737913 0.9181841959287531 0.7841291424936387 0.9207178218829517 0.7854804096692112 0.8876117811704834 0.7140321730279898 0.8852470661577608 0.7114985470737913 0.9181841959287531
0 0.8447672442748091 0.5960759491094147 0.8831094427480916 0.5989473893129771 0.917566748091603 0.6036768244274809 0.9190869236641221 0.6023255572519084 0.9209449160305344 0.5857725368956743 0.926518893129771 0.5854347201017811 0.928883610687023 0.5807052875318066 0.929221427480916 0.5538488575063613 0.8893590534351145 0.5497950559796437 0.848314320610687 0.5472614300254454 0.8447672442748091 0.5960759491094147
0 0.8361529185750636 0.6551938753180662 0.8994090992366413 0.6637237480916031 0.8983956513994912 0.6689599058524174 0.8426558905852417 0.6632170229007633 0.839446631043257 0.6969986946564884 0.9071788854961832 0.7042617531806616 0.9071788854961832 0.7108491806615775 0.8990712824427481 0.7110180890585243 0.8977200178117049 0.709497913486005 0.8441760661577608 0.7027415801526717 0.8436693409669211 0.7039239363867684 0.8384331806615776 0.7045995699745546 0.8353928295165395 0.7339896259541985 0.9179890203562341 0.7437863104325699 0.91917137913486 0.7405770534351145 0.9247453536895673 0.7042617531806616 0.9284613384223919 0.6735204325699746 0.9225495470737914 0.6720002569974554 0.9299815139949109 0.6198075725190839 0.9259277124681934 0.6177806717557252 0.9281235216284988 0.6066327201017812 0.9036318091603053 0.6056192697201018 0.9010981832061069 0.6194697557251908 0.9049830763358778 0.6199764809160305 0.9059965267175574 0.6238613740458014 0.9036318091603053 0.6265639083969466 0.9024494503816795 0.6255504580152672 0.9014359999999999 0.6235235572519084 0.8889367811704835 0.6236924656488549 0.8897813231552163 0.6025789185750636 0.8381798193384224 0.5981028473282443 0.8361529185750636 0.6551938753180662
0 0.7593840661577608 0.570148513994911 0.7575260763358778 0.5698106972010178 0.7487428396946565 0.6196386641221374 0.7681673027989822 0.6216655648854962 0.7750925445292621 0.6231857404580152 0.7958682748091603 0.6196386641221374 0.8029624249363868 0.5782561145038168 0.7906321145038168 0.5753846743002545 0.7926590152671756 0.5593383791348601 0.7622555089058525 0.5546089440203563 0.7593840661577608 0.570148513994911
0 0.7462092162849873 0.626395 0.7374259796437659 0.7017281297709924 0.7338789058524172 0.7184500559796437 0.8000909821882952 0.7294290992366412 0.8114078422391857 0.6289286234096692 0.7982329898218828 0.626395 0.7798219796437659 0.6277462671755726 0.7615798753180661 0.6258882748091603 0.7462092162849873 0.6201453893129771 0.7462092162849873 0.626395
0 0.6935098066157761 0.5340021246819339 0.7129342671755726 0.5353533918575063 0.7131031755725191 0.531637407124682 0.7321898218829517 0.531637407124682 0.7337099974554707 0.5345088498727736 0.8358995547073792 0.5399139160305344 0.8399533562340967 0.5068078778625954 0.840966806615776 0.47623546310432574 0.7374259796437659 0.4716749389312977 0.7117519083969466 0.4698169465648855 0.6970568804071247 0.4693102213740458 0.6967190636132315 0.466100961832061 0.6933408982188296 0.4662698702290076 0.6935098066157761 0.5340021246819339
0 0.6778013282442749 0.387558572519084 0.6712139007633587 0.4282654885496183 0.7274603867684478 0.437724358778626 0.7340478117048347 0.4355285496183206 0.7357368956743003 0.4247184147582697 0.7392839720101781 0.41458391094147584 0.7406352391857507 0.4000577938931298 0.6778013282442749 0.387558572519084
0 0.7472226641221373 0.3931325496183206 0.8066784096692111 0.40934775318066163 0.8157994605597965 0.4068141272264631 0.8230625190839694 0.3808022391857506 0.7631000508905853 0.36593830279898215 0.7602286081424936 0.3669517531806616 0.7527966412213741 0.36576939440203565 0.7472226641221373 0.3931325496183206
0 0.755161358778626 0.3603643282442748 0.8222179796437659 0.3769173460559796 0.8247516030534352 0.37657952926208654 0.8310012137404581 0.3519189083969466 0.8294810381679388 0.33840623918575063 0.832521389312977 0.32438684478371504 0.7685051195928754 0.31070526972010176 0.755161358778626 0.3603643282442748
0 0.8312545750636132 0.33925078117048346 0.832099117048346 0.34398021628498726 0.8365751882951654 0.34541593638676843 0.8191776284987277 0.41103683715012723 0.8195154452926209 0.4123881043256997 0.8195154452926209 0.4146683664122137 0.8135191984732825 0.41331709923664117 0.8110700254452926 0.41551290839694655 0.8074384961832061 0.4355285496183206 0.8715392213740457 0.4502235776081425 0.8950174834605598 0.34313567430025443 0.8737350279898218 0.33739278880407125 0.8750862951653944 0.33435244020356236 0.8580265521628498 0.3277650127226463 0.8608979923664123 0.31678596946564885 0.8387709974554707 0.31306998473282444 0.8312545750636132 0.33925078117048346
0 0.7715454707379136 0.29651696692111956 0.7940102824427481 0.30445565903307886 0.8337037480916031 0.31340780152671754 0.8350550152671756 0.30698928498727734 0.8622492595419848 0.3135767099236641 0.8674854198473282 0.30124639949109416 0.8678232366412214 0.2811463053435115 0.7801597964376591 0.2602016692111959 0.7715454707379136 0.29651696692111956
0 0.08611533333333332 0.7272332926208651 0.09253384987277354 0.7295980076335877 0.33407280916030535 0.7556098956743001 0.36717884987277355 0.4829917989821883 0.36684103307888044 0.47184384732824425 0.31008782188295164 0.46677659541984734 0.28779191857506364 0.6954785190839695 0.15030051145038167 0.6792633155216286 0.14726016030534353 0.6779120508905853 0.17496113231552163 0.40259141730279896 0.12124827226463104 0.3968485343511451 0.08611533333333332 0.7272332926208651
0 0.17006278880407125 0.6512245292620865 0.17006278880407125 0.6628792061068702 0.2180327633587786 0.668284272264631 0.24100430025445294 0.4571488193384224 0.23154543256997456 0.4542773765903308 0.19151415012722647 0.44988576081424936 0.17006278880407125 0.6512245292620865
0 0.22073529770992364 0.6659195547073792 0.26203339185750635 0.6692977226463104 0.26777627735368953 0.6659195547073792 0.2889742773536896 0.46018917048346053 0.26954981424936386 0.45748663613231555 0.2430312010178117 0.4552908269720102 0.22073529770992364 0.6659195547073792
0 0 0.48736279643765906 0.01888980407124682 0.4875523256997456 0.018383078880407123 0.4358663664122137 0.009599844783715013 0.4356974580152672 0.009093119592875318 0.44380505852417307 0 0.4435103740458015 0 0.48736279643765906
0 0 0.5192842162849873 0.008079669211195928 0.5184625547073791 0.006739793893129771 0.487430417302799 0 0.4873627938931298 0 0.5192842162849873
0 0.005630498727735369 0.6038879592875318 0.04819540458015267 0.6032545521628498 0.04857544783715012 0.5717109160305344 0.04376155979643766 0.5708241475826972 0.04072121119592875 0.5305395038167939 0.03654072773536896 0.5249655267175573 0.0029701908396946564 0.5239520763358778 0.005630498727735369 0.6038879592875318
0 0 0 0 0.0008424860050890584 0.05395940203562341 0.005846786259541985 0.05452681170483461 0 0 0
0 0.10038675572519083 0 0.09905793638676845 0.012180849872773536 0.0772687582697201 0.011927488549618321 0.06992124427480916 0.09249677608142494 0.0917104223918575 0.0950304020356234 0.0904436106870229 0.10364472773536895 0.16847927226463105 0.1118790127226463 0.17303979898218833 0.08134882442748091 0.18165412468193387 0.08248895674300255 0.18659469465648856 0.03409670992366412 0.17874045547073794 0.03257653435114504 0.1807673562340967 0.002173030534351145 0.1556084885496183 0 0.10038675572519083 0
0 0.18919166157760814 0.10978877099236642 0.23226329262086512 0.11308248346055978 0.23441687531806615 0.08939308651399491 0.29902432315521627 0.09560046819338423 0.32246035877862594 0.09610719338422392 0.32562739185750633 0.05265551653944021 0.31726642748091605 0.05164206615776081 0.3200534147582697 0.0472082213740458 0.32296708396946566 0.023012099236641225 0.32132022900763363 0.020858516539440205 0.2138945089058524 0.009963928753180662 0.2089539389312977 0.009203839694656489 0.2047734580152672 0.015157860050890586 0.2004662951653944 0.07330456488549618 0.19691921882951652 0.07495141984732824 0.19153526463104326 0.07488807888040712 0.18919166157760814 0.10978877099236642
0 0.18678471755725193 0.24090388804071247 0.22276219847328246 0.24369087531806619 0.22516914249363867 0.24242406361323154 0.22909626208651399 0.19542531043257 0.2258025496183206 0.17883006361323156 0.22618259287531806 0.17160923155216287 0.19742594402035624 0.16894892366412215 0.18678471755725193 0.24090388804071247
0 0.23891406106870228 0.1503267786259542 0.2363170941475827 0.16850553944020358 0.23885072010178118 0.16850553944020358 0.24531146564885495 0.17800663613231552 0.2778685521628499 0.1815537124681934 0.27799523409669213 0.17990685496183206 0.36223827989821883 0.19244830025445292 0.36464522391857507 0.1683788600508906 0.24049757760814247 0.15039011959287532 0.23891406106870228 0.1503267786259542
0 0.2532923842239186 0.18206043765903307 0.24708500254452925 0.23868696437659034 0.2735613893129771 0.24210735877862594 0.2728013002544529 0.2549021679389313 0.3612248295165394 0.2663034834605598 0.3674322111959287 0.2203181806615776 0.3618582340966921 0.219051368956743 0.3614781908396946 0.21613769974554706 0.3600846972010178 0.21550429262086512 0.36097146564885496 0.19637541984732823 0.35527080916030535 0.19434851908396947 0.2801488142493639 0.18548082951653946 0.2532923842239186 0.18206043765903307
0 0.18830489312977097 0.26687354707379135 0.17950054452926206 0.34338903562340967 0.20965068702290077 0.3465560687022901 0.2105374554707379 0.3413621374045801 0.22333226463104328 0.3423755852417303 0.22991968956743003 0.28473560814249366 0.25702948346055976 0.2875225954198473 0.2603231959287532 0.26649350381679393 0.26564380916030533 0.26674686768447836 0.26564380916030533 0.26307310941475825 0.2622234147582697 0.2597793969465649 0.2510754631043257 0.256232320610687 0.21294439949109417 0.25217852162849874 0.2130710814249364 0.24673122646310433 0.21687151908396948 0.24698458778625954 0.2172515623409669 0.24483100763358778 0.191408582697201 0.2422973816793893 0.18830489312977097 0.26687354707379135
0 0.26564380916030533 0.26674686768447836 0.2603231959287532 0.26649350381679393 0.25855897201017813 0.27775738676844786 0.250568737913486 0.3403486870229008 0.33392501526717555 0.35289013231552163 0.36800227735368957 0.3551703944020356 0.375096427480916 0.3096918193384224 0.3587545445292621 0.30665146819338424 0.36230162086513995 0.2814418956743003 0.26564380916030533 0.26674686768447836
0 0.7094083053435114 0.05100866157760814 0.7125753384223918 0.05164206615776081 0.7090282620865139 0.10218789312977099 0.7433588854961832 0.10383475063613232 0.7465259185750636 0.057849447837150125 0.7447523816793893 0.05746940458015267 0.745385786259542 0.03656699491094148 0.7114352061068703 0.03606026972010178 0.7094083053435114 0.05100866157760814
0 0.7433588854961832 0.10383475063613232 0.7415853486005088 0.12663737913486006 0.7583072773536896 0.1277775114503817 0.7583072773536896 0.13259139949109416 0.7932713078880408 0.13487166157760813 0.7936513511450383 0.13031113740458014 0.7888374631043257 0.12828423664122138 0.7974517888040712 0.014017727735368957 0.7693285470737913 0.012750916030534352 0.7678083715012723 0.030486295165394403 0.749186223918575 0.03669367684478372 0.7482994554707378 0.05772276844783714 0.7465259185750636 0.057849447837150125 0.7433588854961832 0.10383475063613232
0 0.8006188218829516 0.043027740458015266 0.7946648015267176 0.11700960305343512 0.8811881094147582 0.12600397455470738 0.8818215165394402 0.12055667938931297 0.8890423486005089 0.049108440203562344 0.8065728422391858 0.04049411450381679 0.8077129720101781 0.034033368956743006 0.8028990839694656 0.0327665572519084 0.8006188218829516 0.043027740458015266
0 0.8122734987277354 0.03568022646310432 0.890562524173028 0.043027740458015266 0.8932228320610687 0.019211661577608143 0.8129069058524173 0.011484104325699745 0.8122734987277354 0.03568022646310432
0 1 0.031534832061068704 0.9613773562340967 0.028797211195928752 0.9552966539440203 0.09450256488549619 1 0.09777354198473283 1 0.031534832061068704
0 1 0.10274958524173028 0.9624752595419847 0.09965426972010177 0.9505672213740458 0.10007653944020357 0.9475268702290076 0.1314934961832061 1 0.1356456717557252 1 0.10274958524173028