0 0.4732242111959287 1 0.47309409923664125 0.9703346539440204 0.3964519287531807 0.9699546081424937 0.39624145292620866 1 0.4732242111959287 1
0 0.8570755928753181 0.4150906361323155 0.8547108753180661 0.41542845292620867 0.8565688676844785 0.44802776844783715 0.8707571704834605 0.4493790356234097 0.87177062086514 0.45123702544529265 0.962981134860051 0.4497168524173028 0.9638256768447838 0.41188137913486006 0.8570755928753181 0.4115435623409669 0.8570755928753181 0.4150906361323155
0 1 0.4435103740458015 0.9726089134860051 0.442622699745547 0.9712576463104325 0.4529261094147583 0.9150111603053435 0.4529261094147583 0.914842251908397 0.4579933613231552 0.8699126284987276 0.45816226972010177 0.8700815368956744 0.4595135368956743 0.8704193536895675 0.5378870178117049 0.8754866030534352 0.5378870178117049 0.9670349363867685 0.5402517328244275 0.9687240203562342 0.5149154783715013 0.967203844783715 0.5137331195928754 0.9658525776081425 0.4897481323155216 0.968386203562341 0.48704560050890583 1 0.48736279643765906 1 0.4435103740458015
0 0.8700815368956744 0.555453486005089 0.8572445012722646 0.5564669363867685 0.8575823180661578 0.5708241475826972 0.8737975216284987 0.5753846743002545 0.9406852315521629 0.5760603078880407 0.9406852315521629 0.5718375979643766 0.967203844783715 0.5718375979643766 0.9678794783715013 0.5446433511450381 0.961460961832061 0.5429542671755725 0.8773445954198473 0.542785358778626 0.8700815368956744 0.545487893129771 0.8700815368956744 0.555453486005089
0 1 0.4873627938931298 0.968386203562341 0.48704560050890583 0.9658525776081425 0.4897481323155216 0.966359603053435 0.4987478396946565 0.9717643715012723 0.499713727735369 0.9715954631043258 0.5686283384223918 0.9977762595419848 0.5687972468193384 0.9979451679389313 0.5591694707379135 0.9991275267175573 0.5574803867684478 0.9996342519083969 0.5213339974554707 0.9981140763358778 0.5213339974554707 0.9981140763358778 0.5194760050890584 1 0.5192842162849873 1 0.4873627938931298
0 0.8580468167938932 0.7612260992366412 0.9588851094147584 0.7543853104325701 0.9545779440203562 0.67153575826972 0.8519661145038168 0.6786299109414757 0.8580468167938932 0.7612260992366412
0 0.5986035699745548 0.6472129541984732 0.5935363180661577 0.6472129541984732 0.5912560559796438 0.649999941475827 0.5877089796437659 0.6652016946564885 0.5236082569974555 0.6543071068702291 0.5147405674300255 0.6560806437659034 0.5081531424936386 0.6847106106870229 0.5155006564885496 0.6943383867684478 0.6041775470737913 0.7095401399491094 0.6201393867684478 0.7001657251908396 0.6406617531806615 0.6112354732824428 0.6513029796437659 0.5549889872773537 0.6376214020356233 0.5504284631043257 0.6176057608142493 0.5478948371501272 0.5986035699745548 0.6472129541984732
0 0.5342494834605598 0.5614497328244274 0.5409635903307888 0.5666436666666667 0.6060777659033079 0.5793117938931298 0.6087380712468193 0.5781716615776081 0.615072134860051 0.5462479796437659 0.5504646870229007 0.5323130407124682 0.5400768218829517 0.5329464478371502 0.5342494834605598 0.5614497328244274
0 0.5191744122137404 0.6337847404580152 0.5896091984732825 0.6480997226463104 0.5948031323155216 0.6442992849872774 0.6073445776081425 0.5848857684478371 0.5434972162849873 0.5710775089058524 0.5384299669211197 0.5720909592875318 0.5315891781170483 0.5700640610687023 0.5191744122137404 0.6337847404580152
0 0.2104521526717557 0.6256771374045802 0.20741180152671757 0.6266905877862595 0.20715843765903305 0.6429057913486005 0.2050048575063613 0.6465795470737914 0.18701611704834603 0.6472129541984732 0.17270113231552162 0.6605144885496184 0.17105427735368958 0.7171410178117048 0.24668299491094148 0.719674641221374 0.24946998473282442 0.6530402926208652 0.25251033333333334 0.644172603053435 0.25251033333333334 0.6175695368956743 0.21121223918575063 0.6152892748091603 0.2104521526717557 0.6256771374045802
0 0.1711372086513995 0.7142894147582697 0.17270113231552162 0.6605144885496184 0.1638967837150127 0.6612745750636132 0.1638967837150127 0.6672285954198474 0.14768158269720102 0.6674819592875317 0.14350109923664123 0.6719158015267175 0.14337441730279898 0.6814168982188294 0.1422342875318066 0.6814168982188294 0.13995402290076336 0.7138473027989822 0.1711372086513995 0.7142894147582697
0 0.18720613740458014 0.6275773562340967 0.18986644529262087 0.6251704122137405 0.2104521526717557 0.6256771374045802 0.21121223918575063 0.6152892748091603 0.2119089872773537 0.5827321882951654 0.18923303816793893 0.5823521424936386 0.18910635877862594 0.5605629643765904 0.15072193129770992 0.5592961526717558 0.14755490076335878 0.6526602493638677 0.17289115521628498 0.6538003816793894 0.18505255725190842 0.6442992849872774 0.18720613740458014 0.6275773562340967
0 0.14958180152671757 0.5548623078880407 0.1723844300254453 0.5556223944020356 0.17327119847328243 0.5572692519083969 0.24433939185750636 0.5598028778625954 0.24687301781170484 0.49076158269720105 0.24902660050890585 0.45731772773536894 0.2049415165394402 0.45567087022900765 0.20405474809160307 0.47175939185750637 0.20215452926208652 0.4766999618320611 0.19607382697201017 0.48202057506361323 0.15312887531806615 0.48100712468193385 0.14958180152671757 0.5548623078880407
0 0.030121361323155217 0.6937049821882951 0.12715921628498728 0.6947184325699746 0.12690585241730282 0.6734359770992367 0.12994620356234096 0.6701422646310432 0.13070629007633588 0.6214966564885497 0.1428676921119593 0.6222567430025445 0.14362778117048347 0.6009742900763358 0.0716728193384224 0.5984406641221375 0.07091273027989822 0.6036345979643766 0.06812574300254452 0.6037612773536896 0.06723897455470738 0.6197231195928753 0.09029496437659032 0.62098993129771 0.09029496437659032 0.622510106870229 0.09168845801526718 0.6233968753180661 0.09181513994910942 0.6360650025445292 0.09130841475826973 0.6372051348600509 0.0674923358778626 0.6373318142493639 0.06711229262086514 0.6436658778625954 0.029867997455470738 0.6420190229007634 0.030121361323155217 0.6937049821882951
0 0.06723897455470738 0.6197231195928753 0.06812574300254452 0.6037612773536896 0.06723897455470738 0.5999608396946564 0.06609884223918576 0.5997074783715013 0.06609884223918576 0.5976805776081425 0.0716728193384224 0.5984406641221375 0.14056446564885497 0.600866427480916 0.14198092366412213 0.5938801399491094 0.14388114249363868 0.5342132595419847 0.07040600508905853 0.5319329974554707 0.07040600508905853 0.5370002468193384 0.06533875572519084 0.5377603358778625 0.06356521628498728 0.5456145750636132 0.03898905089058524 0.5466280254452927 0.03493524936386768 0.6266905877862595 0.04582983969465648 0.6266905877862595 0.0465899262086514 0.6249170508905852 0.06685892875318067 0.6252970941475827 0.06723897455470738 0.6197231195928753
0 0.038609005089058526 0.4950687455470738 0.03658210687022901 0.4950687455470738 0.035568656488549615 0.5358601170483461 0.06533875572519084 0.5377603358778625 0.07040600508905853 0.5370002468193384 0.07040600508905853 0.5319329974554707 0.07078604834605598 0.5261056590330789 0.14033406870229007 0.527625834605598 0.14210760559796437 0.5008960839694656 0.1488217124681934 0.5008960839694656 0.15110197709923665 0.44667650127226466 0.04468970737913486 0.4427493816793893 0.04139599491094148 0.44515632569974556 0.038609005089058526 0.4950687455470738
0 0.09029496437659032 0.2458866844783715 0.11081733078880408 0.2476602213740458 0.11259087022900764 0.25196738422391857 0.11461776844783715 0.2501938473282443 0.11309759541984733 0.27451665139949105 0.14983516284987278 0.27527674045801526 0.15186206361323154 0.25272747328244277 0.1571826768447837 0.2486736717557252 0.17491805597964377 0.25070057251908395 0.17897185496183204 0.20357513994910942 0.16959744274809163 0.20078815012722648 0.16934407888040712 0.1919204631043257 0.09308195419847327 0.18659984987277353 0.09029496437659032 0.2458866844783715
0 0.3249086819338422 0.24791358524173027 0.34555772773536897 0.25006716539440205 0.3453043664122137 0.2590615368956743 0.3812818473282442 0.26412878625954195 0.3871091857506361 0.22764458015267175 0.39914390585241727 0.2295447989821883 0.40395779643765906 0.1897668804071247 0.39433001781170485 0.18786666157760815 0.39293652417302805 0.18609312468193384 0.39585019338422395 0.1653173944020356 0.33681672010178115 0.15670306870229006 0.3249086819338422 0.24791358524173027
0 0.2256727430025445 0 0.21722960050890586 0.05839840203562341 0.28411731297709925 0.06701272773536895 0.28893120101781167 0.042436559796437665 0.2874110254452926 0.04066302290076336 0.28918456234096696 0.02546126972010178 0.2532070814249364 0.019887295165394402 0.24307258015267175 0.008739343511450382 0.24617990076335877 0 0.2256727430025445 0
0 0.2108955368956743 0.08652164376590331 0.2154560610687023 0.09019539949109415 0.27144918575063615 0.10058326463104326 0.2739828091603054 0.10375029770992367 0.2703090534351145 0.1298466386768448 0.3209815623409669 0.13744751399491092 0.33643667684478373 0.02736148854961832 0.3105936972010178 0.02102742493638677 0.29209823155216286 0.02178751399491094 0.28918456234096696 0.02546126972010178 0.28799329262086515 0.035672150127226465 0.2936184071246819 0.03673590330788804 0.288424475826972 0.06954635368956744 0.2843706743002545 0.07119320865139948 0.2281241882951654 0.06219883969465649 0.2152026997455471 0.06333897201017812 0.2108955368956743 0.08652164376590331
0 0.4919157150127227 0 0.4844004020356234 0.011272966921119593 0.47401253944020355 0.07360015267175572 0.4887075674300254 0.07613377862595419 0.4844004020356234 0.10476374554707378 0.5533150152671755 0.1161650610687023 0.5586356284987277 0.11502492875318066 0.5628161094147583 0.08791513740458015 0.5650963740458015 0.07055980407124682 0.5671232748091602 0.06650600254452926 0.5739640636132316 0.00886602290076336 0.5189244885496183 0 0.4919157150127227 0
0 0.6394626921119593 0 0.6355311603053435 0.02972620610687023 0.6276769211195928 0.023645506361323156 0.5995536793893129 0.021111880407124684 0.5751041933842239 0.040367432569974555 0.5707970305343512 0.0663370941475827 0.5772577760814249 0.06785726972010178 0.6664413918575064 0.08153884732824428 0.6703685114503818 0.05670931806615776 0.6687849949109415 0.05588589058524173 0.6703685114503818 0.031119699745547073 0.6542799898218831 0.026559175572519085 0.6573817888040713 0 0.6394626921119593 0
0 0.5638295597964377 0.09731066666666666 0.5660464834605597 0.10009765394402036 0.6620075470737914 0.11327250636132316 0.6653012595419847 0.0878095699745547 0.663147679389313 0.08514926463104326 0.5740907430025445 0.07172104834605597 0.5673132951653944 0.07216443256997455 0.5638295597964377 0.09731066666666666
0 0.5581289033078881 0.13772199236641222 0.6634010407124682 0.1536838320610687 0.66403444783715 0.13911548600508908 0.659600603053435 0.1388621221374046 0.6585871526717557 0.13151460814249363 0.6616275038167939 0.11770635114503816 0.5751041933842239 0.10503822391857506 0.5620560229007633 0.10453149872773537 0.5581289033078881 0.13772199236641222
0 0.6695018396946565 0.044674424936386764 0.6758158066157761 0.04600475063613232 0.663147679389313 0.13430159796437657 0.6645411730279898 0.13645517811704835 0.695071358778626 0.1400022544529262 0.6998852468193385 0.11276578117048346 0.7206609770992366 0.11643953689567431 0.7256015445292621 0.08413581424936388 0.7072327608142494 0.07995533078880407 0.7117932875318066 0.03916396183206107 0.6848101755725191 0.033209941475826975 0.6834166819338423 0.03498347837150127 0.6703685114503818 0.031119699745547073 0.6695018396946565 0.044674424936386764
0 0.5539484223918575 0.19599537659033078 0.5526816081424936 0.19016803816793895 0.5154373155216285 0.18383397455470737 0.5045427251908396 0.2339997582697201 0.4984620254452926 0.24793469720101782 0.4982086615776082 0.27707139185750634 0.5650963740458015 0.2861924427480916 0.5770044122137404 0.19903572773536896 0.5539484223918575 0.19599537659033078
0 0.8083244173027989 0.12454713994910942 0.8242862569974555 0.12404041475826973 0.8240328931297709 0.11973325190839695 0.8863600788804071 0.12277360050890586 0.8861067175572519 0.11821307633587785 0.8970013078880408 0.11821307633587785 0.8970013078880408 0.12936102798982188 0.9522343409669211 0.1329081017811705 0.9542612417302799 0.09439699745547073 0.9023219211195929 0.09161000763358779 0.9015618320610688 0.08274231806615776 0.8095912290076336 0.07919524427480916 0.8083244173027989 0.12454713994910942
0 0.8121248549618321 0.20460970229007636 0.8487357430025446 0.20625655979643767 0.8494958295165395 0.20460970229007636 0.9111896081424936 0.2073966921119593 0.9146100025445293 0.2104370407124682 0.9420998396946564 0.21018367938931298 0.9461536412213741 0.13936884732824428 0.9413397531806617 0.1370885852417303 0.8149118422391858 0.13316146564885498 0.8121248549618321 0.20460970229007636
0 0.8445552595419847 0.21601101781170484 0.8073109669211196 0.20879018575063613 0.7922358956743002 0.2022027582697201 0.7836215674300254 0.32749053689567426 0.8054107480916031 0.3285039872773537 0.8094645470737913 0.32267664885496183 0.9199306183206107 0.330277524173028 0.9300651195928754 0.3016475572519084 0.9531211094147582 0.24109390839694655 0.943366651399491 0.23792687786259542 0.9438733765903308 0.21297066666666667 0.914356641221374 0.21208389821882953 0.9123297404580153 0.21347739185750636 0.8629240458015267 0.21005699745547074 0.8481023358778625 0.20803009669211195 0.8445552595419847 0.21601101781170484
0 0.36050611959287526 0.5298005292620865 0.37925494656488545 0.5313207048346056 0.3734276081424936 0.5576704096692112 0.3523985165394402 0.5536166081424936 0.34454427989821884 0.5964348778625954 0.415232427480916 0.6118899923664122 0.4382884198473283 0.5163723129770992 0.4311942697201018 0.5133319643765903 0.36354647073791346 0.5004104732824427 0.36050611959287526 0.5298005292620865
0 1 0 0.9021933969465649 0 0.8991548880407124 0.02763596692111959 0.9037154147582698 0.029156139949109417 0.9029553256997456 0.04410453180661578 0.9622421628498729 0.05170540712468193 0.962495524173028 0.046384793893129765 0.969843038167939 0.04207763104325699 0.969843038167939 0.038783918575063615 0.9802309033078881 0.03929064376590331 0.9855515165394403 0.002806435114503817 0.9911254910941476 0.000019447837150127227 1 0.0008424860050890584 1 0
0 0.0003555979643765904 0.7216669058524173 0.024582821882951654 0.7218251755725191 0.027185529262086516 0.6023199745547073 0.026075325699745546 0.6004696335877863 0.026075325699745546 0.5973240559796438 0.0007256666666666668 0.595658748091603 0.0003555979643765904 0.7216669058524173
0 0.0002630814249363868 0.5925131704834605 0.02653790839694657 0.5926982061068702 0.027185529262086516 0.5508805190839695 0.0005406310432569975 0.5494927659033079 0.0002630814249363868 0.5925131704834605
0 0 0.5257220814249364 0.0002630814249363868 0.5464397048346056 0.028295732824427478 0.545514534351145 0.02801818066157761 0.5177594325699746 0 0.5172986081424936 0 0.5257220814249364
0 0 0.4803738753180662 0.0005406310432569975 0.5146138549618321 0.02157243765903308 0.5150786921119593 0.027000493638676844 0.5115607938931298 0.027370562340966922 0.4799199796437659 0 0.47945763867684477 0 0.4803738753180662