0 0.4348113562340967 1 0.35375148346055985 0.981671776081425 0.3496895521628499 1 0.4348113562340967 1
0 0.4698778371501272 1 0.47798358524173024 0.9625006768447837 0.41303831806615776 0.9469611094147582 0.41160259796437654 0.9449764351145038 0.3643927099236641 0.9350530687022901 0.35586283715012723 0.9765200712468193 0.36143681424936386 0.9777024300254453 0.3626191730279898 0.9796448778625954 0.4551424631043257 1 0.4698778371501272 1
0 0.41151814249363866 0.9423161297709923 0.41599421374045803 0.9451875699745547 0.47325415012722644 0.9581090610687023 0.4795037582697201 0.9527039923664122 0.48609118575063615 0.9241584809160305 0.41903456488549623 0.9114903536895674 0.41151814249363866 0.9423161297709923
0 0.2271546641221374 0.790720872773537 0.299785262086514 0.8020377328244275 0.3028256106870229 0.797646117048346 0.3062037786259542 0.7684249694656489 0.2308706488549618 0.7586282849872774 0.2271546641221374 0.790720872773537
0 0.22124287277353688 0.8317656055979644 0.2305328320610687 0.8347215012722646 0.2989407201017812 0.8449404580152672 0.2986029033078881 0.8547371424936386 0.3350871094147583 0.8594665776081426 0.3372829185750636 0.8481497175572519 0.35620065394402034 0.8528791501272265 0.36211244783715013 0.8089629770992367 0.3556939287531806 0.8030511832061068 0.3534981195928753 0.7984906564885496 0.35535611195928757 0.7815998218829516 0.325966058524173 0.7761947531806616 0.315493737913486 0.8093007938931297 0.2258033969465649 0.7983217480916031 0.22124287277353688 0.8317656055979644
0 0.2072234783715013 0.903889475826972 0.2286748396946565 0.9064231017811706 0.2285059312977099 0.9266921043256997 0.2639766870229008 0.9305769974554708 0.2665103129770992 0.9194290458015267 0.28576586768447837 0.9223004885496183 0.2896507582697201 0.8793977633587786 0.2952247353689567 0.8513589745547073 0.2575581704834605 0.844602641221374 0.21870924681933843 0.8397042977099236 0.2072234783715013 0.903889475826972
0 0 0.8833443638676844 0.0680429872773537 0.895444058524173 0.06652281170483461 0.9091256361323156 0.07294133078880406 0.9094634529262086 0.07783967175572519 0.9018625750636132 0.0933792417302799 0.817239486005089 0.08983216539440203 0.8153814936386768 0.09219688295165394 0.8086251603053436 0.005377984732824428 0.7915654147582698 0.005715801526717557 0.799504106870229 0 0.8231294147582697 0 0.8833443638676844
0 0.09962884987277354 0.8169016692111959 0.09169015776081425 0.8501766157760815 0.0802043893129771 0.9098012697201018 0.09371705852417303 0.9152063358778626 0.10908772010178117 0.9167265114503818 0.12986344783715012 0.8140302264631043 0.1003044834605598 0.8096386106870229 0.09962884987277354 0.8169016692111959
0 0 0.7871509669211195 0.03772393638676845 0.7927477735368956 0.03958192875318066 0.7940990407124682 0.1078209058524173 0.8048247201017812 0.10917217302798982 0.7951969440203562 0.13248152671755725 0.7982372951653944 0.13484624427480915 0.7730699491094147 0.047689529262086514 0.7566858371501273 0.0492097048346056 0.7411462671755725 0.001830908396946565 0.7358256539440203 0.0009863664122137404 0.746804699745547 0 0.746804699745547 0 0.7871509669211195
0 0.033712361323155214 0.315919465648855 0.12053126208651399 0.33314811704834607 0.14215153180661577 0.24227541984732825 0.05195446564885496 0.22572239949109416 0.033712361323155214 0.315919465648855
0 0.11985562849872773 0.7164011933842238 0.16900796183206107 0.7207928117048346 0.1717104961832061 0.6871800458015267 0.15059694910941476 0.6832951552162849 0.12255816030534351 0.6812682544529263 0.11985562849872773 0.7164011933842238
0 0.15161039949109414 0.5839770356234096 0.14198262340966922 0.6694446692111958 0.1762710203562341 0.674343010178117 0.3412944910941476 0.6934296564885496 0.35362480152671755 0.6069485750636132 0.3265994631043257 0.6037393155216285 0.32288348091603053 0.6219814198473282 0.2973783180661578 0.6186032519083969 0.29028416539440205 0.6260352188295165 0.28623036386768447 0.6544118244274809 0.25836048600508904 0.6508647480916031 0.2657924529262087 0.5922535470737913 0.17154158778625955 0.5814434122137404 0.16867014503816793 0.5836392213740458 0.15161039949109414 0.5839770356234096
0 0.16985250381679387 0.5770517938931298 0.1712037709923664 0.5782341526717557 0.35489161577608147 0.5985876106870229 0.35700296946564886 0.5959695318066158 0.36409711959287533 0.5314465368956742 0.2946757837150127 0.523423389312977 0.2938312417302799 0.5295040890585242 0.27288660559796435 0.5337267989821882 0.2744067786259542 0.5224099389312977 0.17694665394402037 0.5101640814249364 0.16985250381679387 0.5770517938931298
0 0.22128509923664125 0.39775556743002544 0.3164649618320611 0.4285813435114504 0.3321734402035623 0.3843273511450382 0.3713601806615776 0.3996980127226463 0.3838593994910941 0.3637205318066158 0.2465369007633588 0.3198888117048346 0.22128509923664125 0.39775556743002544
0 0.25211087531806614 0.29683281933842237 0.35919877862595423 0.3333170254452926 0.3693332798982188 0.3089942213740458 0.3896022824427481 0.31507492366412215 0.39213590839694656 0.31017658015267174 0.4059863944020356 0.3143992900763359 0.4374033511450382 0.24869393638676845 0.39061573282442746 0.23214091603053436 0.38487284987277354 0.24970738676844784 0.2799807557251908 0.21491226463104326 0.2784605801526717 0.2191349720101781 0.25211087531806614 0.29683281933842237
0 0.28927071501272267 0.21339208905852416 0.3825081323155216 0.24514686005089056 0.39652752671755725 0.19616343511450382 0.30548591857506363 0.16677337913486007 0.28927071501272267 0.21339208905852416
0 0.33690287277353687 0.14025476844783713 0.3080195445292621 0.13113371501272264 0.3019388422391857 0.15799014503816794 0.3899400992366412 0.18754910941475827 0.4176410712468193 0.10343274300254453 0.4098712875318066 0.10022348600508905 0.4115603715012722 0.09397387531806616 0.4478756692111959 0.10427728498727735 0.45328073536895674 0.07792758269720101 0.3632525776081425 0.053604776081424936 0.33690287277353687 0.14025476844783713
0 0.4478756692111959 0.10427728498727735 0.44821348600508903 0.10968235368956743 0.44584876844783716 0.109851262086514 0.43807898218829516 0.16491538931297708 0.4394302493638677 0.16660447328244277 0.43419409160305344 0.20275086259541986 0.47709681424936384 0.20714247837150127 0.4828396997455471 0.17032045547073793 0.5490517786259541 0.18096168193384224 0.551078679389313 0.17589443256997456 0.5547946615776082 0.17640115776081425 0.55715937913486 0.1591725038167939 0.5563148371501272 0.1591725038167939 0.5662804300254454 0.0990411272264631 0.49314310941475825 0.08941335114503816 0.4575034452926209 0.07927884732824426 0.45328073536895674 0.07792758269720101 0.4478756692111959 0.10427728498727735
0 0.2938312417302799 0.04600390076335878 0.32051876335877866 0.05276023409669211 0.3313093435114504 0.009189910941475827 0.301254941475827 0.009627437659033079 0.2938312417302799 0.04600390076335878
0 0.3009883664122137 0.0478158320610687 0.2938312417302799 0.04600390076335878 0.26444118575063613 0.04262573282442748 0.24822598218829517 0.1088378117048346 0.2847101908396946 0.11694541221374045 0.3009883664122137 0.0478158320610687
0 0.5387483664122137 0.21508117302798982 0.5365525597964377 0.21778370483460557 0.48300860814249363 0.2113651882951654 0.4781102646310433 0.24784939440203563 0.5669560636132316 0.2618687888040713 0.5698275063613232 0.25950407124681935 0.6096898804071247 0.26541586513994914 0.6245538167938931 0.1770767913486005 0.5562036768447837 0.16613548091603056 0.5547946615776082 0.17640115776081425 0.551078679389313 0.17589443256997456 0.5490517786259541 0.18096168193384224 0.5434211501272265 0.18005676081424937 0.5387483664122137 0.21508117302798982
0 0.5519443715012723 0 0.5453357938931298 0.048875343511450384 0.5899276005089058 0.0542804096692112 0.5971929720101782 0 0.5519443715012723 0
0 0.6735372417302798 0.04178119083969466 0.664247282442748 0.12657319083969468 0.6708347073791349 0.12758664122137406 0.671172524173028 0.1299513562340967 0.727419010178117 0.1365387837150127 0.7365400610687023 0.04819970992366412 0.7269122849872774 0.04684844274809161 0.7265744681933842 0.043470274809160304 0.6770843180661578 0.03654503307888041 0.6735372417302798 0.04178119083969466
0 0.6581665801526718 0.13307616284987278 0.6519169720101782 0.1835797633587786 0.752079631043257 0.19422098982188296 0.7610317735368957 0.1253063765903308 0.7310505394402036 0.1220126641221374 0.7302904503816794 0.13358288804071247 0.727419010178117 0.1365387837150127 0.7113727150127227 0.1385656844783715 0.7093458142493638 0.1507270865139949 0.6782666743002544 0.14718001017811705 0.679617941475827 0.13535642493638678 0.6618825648854961 0.13332952417302799 0.6581665801526718 0.13307616284987278
0 0.5286138651399491 0.6193633384223919 0.5941503104325699 0.6357474503816793 0.5961772111959287 0.6296667480916031 0.6157705801526717 0.5374427837150128 0.5485450534351145 0.5237612061068703 0.5286138651399491 0.6193633384223919
0 0.5428021679389312 0.678312358778626 0.6316479669211196 0.6958788269720102 0.6448228193384224 0.6418281501272265 0.6417824681933842 0.6387878015267175 0.5961772111959287 0.6296667480916031 0.5941503104325699 0.6357474503816793 0.554407165394402 0.6258116641221374 0.5428021679389312 0.678312358778626
0 0.6936373358778626 0.5742648066157761 0.7100214478371502 0.5767984325699745 0.7071500050890585 0.5943649007633588 0.7949823536895675 0.6121002798982188 0.795573534351145 0.6110023740458015 0.8146601781170484 0.614718358778626 0.8232745038167939 0.5635391246819339 0.806721486005089 0.559992048346056 0.8068903944020357 0.5577962417302799 0.7014071221374046 0.5359226081424936 0.6936373358778626 0.5742648066157761
0 0.6942285165394403 0.6584656259541986 0.7590893282442749 0.672822834605598 0.7584136946564886 0.6841396972010177 0.7964180763358778 0.6870111374045802 0.8128021857506361 0.623501592875318 0.7945600839694656 0.6202923358778626 0.7927020916030535 0.6169141679389313 0.705883193384224 0.5995166055979644 0.6942285165394403 0.6584656259541986