0 0 0.8358596921119593 0.06929450636132316 0.8353623638676845 0.06969966157760815 0.8155098371501271 0.08144911704834606 0.814902106870229 0.08266457760814248 0.7571677150127226 0 0.7547138498727736 0 0.8358596921119593
0 0 0.7203458956743002 0.07496665903307888 0.7235399643765903 0.07760015776081425 0.6581076539440203 0 0.6553984198473282 0 0.7203458956743002
0 0.08327230788804071 0.7205013104325699 0.14748915776081425 0.7237425394402035 0.15032523155216285 0.670262262086514 0.09380630279898218 0.6666158804071247 0.08894445801526717 0.6647926870229008 0.08833672773536896 0.6615514580152673 0.08469034605597965 0.6617540356234097 0.08327230788804071 0.7205013104325699
0 0.13209331806615776 0.6056402595419847 0.1270288982188295 0.6427118142493639 0.16997518320610686 0.649599427480916 0.17625506361323157 0.6149587913486005 0.18212979134860052 0.6157690992366412 0.19286636386768446 0.5515522493638677 0.16957003053435116 0.5468929821882952 0.14364019847328244 0.5442594834605599 0.13209331806615776 0.6056402595419847
0 0.012370422391857507 0.5667455114503817 0.1164949058524173 0.5849774249363868 0.1294598193384224 0.5306868371501272 0.12905466666666665 0.501515776081425 0.02817141475826972 0.4832838651399491 0.012370422391857507 0.5667455114503817
0 0.413067358778626 0.7510904096692113 0.4434538804071247 0.7555470992366412 0.4394023435114504 0.7814769312977099 0.49328777608142493 0.7895800050890585 0.49895992620865137 0.7636501730279898 0.5244846055979644 0.7681068625954198 0.5305619083969466 0.7466337201017812 0.5398804427480915 0.6822142926208651 0.42603227480916034 0.6639823816793893 0.413067358778626 0.7510904096692113
0 0.5338031374045802 0.7624347124681934 0.5295490254452926 0.7952521552162849 0.5583149312977099 0.8003165750636132 0.5609484300254453 0.7901877353689568 0.582421572519084 0.7922135038167939 0.5856628015267176 0.7741841653944019 0.5893091832061069 0.7731712824427481 0.6067307913486005 0.6959895165394403 0.5520350508905852 0.6834297557251908 0.5338031374045802 0.7624347124681934
0 0.22467092111959286 0.9935748549618321 0.2716687430025445 0.9943851603053435 0.2716687430025445 0.984256320610687 0.2886851959287532 0.9834460127226463 0.2890903486005089 0.9356378854961832 0.22426576844783716 0.9400945750636133 0.22467092111959286 0.9935748549618321
0 0.6570687938931297 1 0.6563621094147583 0.9864846666666667 0.6782404045801527 0.9844588982188295 0.6749991755725191 0.915380203562341 0.6403585419847329 0.9155827811704834 0.6407636946564885 0.8809421475826972 0.6241523969465649 0.882360183206107 0.6225317811704835 0.8872220279898219 0.6022740992366412 0.8874246055979644 0.6047050229007634 0.9174059720101782 0.6002483333333333 0.9170008193384224 0.5998431781170483 0.9473873409669211 0.5974122569974555 0.9490079567430025 0.5982225648854962 0.981825399491094 0.5706721170483461 0.9828382824427481 0.5718374198473282 1 0.6570687938931297 1
0 0.9000620152671757 0.8914761399491095 0.9314614198473283 0.895122524173028 0.9312588422391859 0.8977560229007633 0.8992517073791348 0.8945147938931297 0.895402748091603 0.9161905114503817 0.8966182086513994 0.934017272264631 0.9290304987277354 0.940904882951654 0.9292330763358779 0.9388791145038168 0.9654943256997456 0.9407023053435115 0.9652917480916031 0.9204446259541984 0.9735973969465649 0.8635205419847327 0.9059367430025446 0.8517710865139949 0.9000620152671757 0.8914761399491095
0 0.10899956234096692 0.25416948854961835 0.11386140712468193 0.2576132951653944 0.112443368956743 0.2600442162849873 0.10839183206106871 0.2588287557251908 0.10596091094147582 0.265311213740458 0.13614485496183207 0.2758452086513995 0.12804178371501274 0.300762155216285 0.17483702544529262 0.31777860814249365 0.18354782951653945 0.2965080432569974 0.18658648091603053 0.29529258269720104 0.21494723409669209 0.3058265776081425 0.24472602798982188 0.22682162086513993 0.19529728498727736 0.20919743765903306 0.20603385496183207 0.17232845801526717 0.19934882188295167 0.17010011195928754 0.19975397455470736 0.1650356921119593 0.12419282442748092 0.14032132061068703 0.11426655979643767 0.16787176844783716 0.12905466666666665 0.1743542264631043 0.13249847328244274 0.19238356234096693 0.10899956234096692 0.25416948854961835