0 0 0.8371002773536896 0.003973933842239185 0.8364545114503817 0.006507559796437659 0.7812214783715012 0.009294549618320611 0.7807147531806615 0.01309498727735369 0.6859571603053435 0 0.6856502468193385 0 0.8371002773536896
0 0.38977478371501273 1 0.3949123409669211 0.9587019389312977 0.40276658015267175 0.900301872773537 0.40073967938931293 0.9000485114503817 0.40846723664122137 0.8153620814249364 0.339172582697201 0.8065577328244276 0.3358788676844784 0.8384814122137404 0.34094611959287535 0.8394948625954199 0.3375257251908397 0.8885205139949109 0.3305582544529262 0.8886471959287531 0.3259977302798982 0.9232311832061069 0.33334524427480916 0.9239912722646311 0.33309188040712473 0.9427400992366411 0.3253643231552163 0.9418533307888042 0.32473091603053433 0.9519878320610686 0.3645088371501272 0.9566750407124682 0.3617289389312977 0.9997634376590331 0.37010881424936387 1 0.38977478371501273 1
0 0.41568807124681934 0.8840866717557252 0.42848287786259537 0.8847200763358779 0.43811065648854963 0.8944745343511451 0.5039849160305343 0.9046090356234097 0.5132326488549619 0.8997951475826972 0.5222270203562341 0.8369612366412214 0.4144212569974555 0.8185924529262086 0.40435009669211197 0.8864936157760814 0.407453786259542 0.8872537022900763 0.4122676768447837 0.8852268015267176 0.41568807124681934 0.8840866717557252
0 0.40091737913486003 0.9706001755725191 0.5192234961832061 0.9897511933842239 0.5222765572519084 0.9786491526717558 0.5314747531806615 0.9151235826972011 0.5298278956743002 0.9141101323155215 0.5305879847328244 0.9071426615776081 0.518426582697201 0.9051157608142493 0.5176664936386769 0.9073960254452925 0.5057584554707379 0.9091695623409669 0.43050977862595424 0.8976415674300255 0.425822572519084 0.8895339643765903 0.4107475012722646 0.8881404707379135 0.40091737913486003 0.9706001755725191
0 0.5654387633587786 1 0.572646165394402 0.9509743816793893 0.5742930229007633 0.9503409770992367 0.5948153893129771 0.8329074376590331 0.5769533307888041 0.8297404045801527 0.5603580839694656 0.8278401857506361 0.5452830127226463 0.9189240203562341 0.5390756284987277 0.9179105699745547 0.5364153231552162 0.9201908320610687 0.5235255368956743 0.9991879287531806 0.5643998676844784 1 0.5654387633587786 1
0 0.6884328498727735 0.9174038447837151 0.7011009770992367 0.9203175139949109 0.7653283816793892 0.916770437659033 0.7660884707379134 0.9148702188295165 0.7693821832061069 0.9137300890585243 0.7676086437659032 0.8531764402035623 0.6856458625954198 0.858117010178117 0.6884328498727735 0.9174038447837151
0 0.6751779872773537 1 0.6967173638676846 0.9993960916030533 0.6946402315521628 0.9404598371501272 0.6907131119592874 0.9303253358778626 0.6644900890585242 0.932098872773537 0.667010913486005 1 0.6751779872773537 1
0 0.6973005394402035 0.9502142951653944 0.6986940330788803 0.9507210203562341 0.7655817455470738 0.9475539872773536 0.7655817455470738 0.9462871755725191 0.7707756768447838 0.9451470432569975 0.7700155877862596 0.9196841068702291 0.740625534351145 0.9205708778625954 0.696160407124682 0.9248780407124683 0.6973005394402035 0.9502142951653944
0 0.6996316488549619 0.9781634402035623 0.772766338422392 0.9730287455470739 0.7714090839694656 0.9512277455470737 0.7657084249363867 0.9517344707379135 0.7655817455470738 0.9505943384223918 0.697680582697201 0.9551548651399491 0.6996316488549619 0.9781634402035623
0 0.7796433664122137 0.9417266488549618 0.7891444605597965 0.9423600559796438 0.8561588549618321 0.9390663435114504 0.8553987659033079 0.9204441959287533 0.8597059287531807 0.9181639338422393 0.8566655801526718 0.8889005597964377 0.7785032340966921 0.8924476335877862 0.7796433664122137 0.9417266488549618
0 0.8843207913486005 1 0.8796582290076337 0.9186073180661578 0.8597059287531807 0.9181639338422393 0.8553987659033079 0.9204441959287533 0.8561588549618321 0.9390663435114504 0.8634430279898219 0.9377361882951655 0.8634430279898219 0.9435635267175573 0.7890811195928753 0.9463505165394402 0.7805301348600509 0.9481240534351145 0.7844234809160305 0.9989797659033078 0.8578804351145038 1 0.8843207913486005 1
0 0.9001172544529262 0.9333023460559796 0.9051845063613231 0.9337457302798982 0.9060079338422392 0.9352025648854961 0.999810737913486 0.9332043231552163 0.9993414020356234 0.9009713969465648 0.900687320610687 0.9020120712468194 0.9001172544529262 0.9333023460559796
0 1 0.9462024961832061 0.9998676513994911 0.9371130890585241 0.9075281094147583 0.9386229592875318 0.9041077150127226 0.9405865190839695 0.8994838498727736 0.9402698142493638 0.8998846997455472 0.999812417302799 0.9390193918575064 0.9992573155216284 0.9420724529262086 0.9884328269720102 0.9998030610687022 0.9887103765903308 1 0.9711200814249364 1 0.9462024961832061
0 0.045526374045801524 0 0.04391020610687023 0.028650264631043258 0.04053203816793893 0.05347979389312977 0.041545488549618315 0.06564119592875318 0.15336282442748092 0.06631682951653944 0.15505190839694658 0.06462774554707379 0.15538972519083968 0.04841254452926208 0.15859898218829516 0.04604782697201018 0.16044089567430025 0 0.045526374045801524 0
0 0.17344345038167938 0 0.1727028320610687 0.0313527989821883 0.2056399618320611 0.033041882951653945 0.21340974809160304 0.03608223409669211 0.21442319847328242 0.04148730025445292 0.2534410279898219 0.04148730025445292 0.2537157786259542 0 0.17344345038167938 0
0 0.17000029770992367 0.10347666921119593 0.21695682188295165 0.10195649618320611 0.2171257302798982 0.09030181679389312 0.2390838193384224 0.089964 0.24043508396946564 0.049932720101781174 0.2171257302798982 0.04875036132315522 0.21087612213740456 0.045372193384223915 0.21087612213740456 0.043007475826972015 0.2049643282442748 0.03743350127226463 0.17202719847328246 0.036757867684478376 0.17000029770992367 0.10347666921119593
0 0.2483737786259542 0.1641147735368957 0.22810477353689568 0.1639458651399491 0.22675350890585244 0.18235687531806616 0.2796218244274809 0.1904644783715013 0.3387397531806616 0.1948560941475827 0.34279355216284985 0.1533046361323155 0.33282795928753184 0.13844070229007632 0.2519208549618321 0.1328667251908397 0.2483737786259542 0.1641147735368957
0 0.2619264681933842 0.1877508117048346 0.1961810941475827 0.18185015012722644 0.20107943765903308 0.12594148346055978 0.15919016284987278 0.12290113231552163 0.15260273536895674 0.20853767175572518 0.15733217048346057 0.2364075521628499 0.254961203562341 0.2470487786259542 0.25749482951653946 0.2446840610687023 0.2619264681933842 0.1877508117048346
0 0 0.4601820279898219 0.02034748854961832 0.4625758498727735 0.0419677582697201 0.4642649338422392 0.04433247582697201 0.4591976819338422 0.05987204580152671 0.3409618295165394 0.0585207786259542 0.3382592951653944 0.062236763358778625 0.30886923918575065 0.04703501017811705 0.28961368702290075 0.018658404580152672 0.2858977022900763 0.016293687022900766 0.29468093638676846 0.0017675674300254452 0.4146058753180662 0.002105384223918575 0.4345370610687023 0 0.4458159083969465 0 0.4601820279898219
0 0 0.4887278218829516 0.02068530534351145 0.4921348142493639 0.024232381679389316 0.4686565521628499 0 0.4652531272264631 0 0.4887278218829516
0 0.172196106870229 0.4524413486005089 0.18216169974554705 0.3598795648854962 0.18385078371501273 0.3566703053435114 0.2127341145038168 0.3583593893129771 0.21560555470737913 0.32981387531806616 0.2294560407124682 0.3303206005089059 0.23030058269720102 0.3159633918575064 0.21746354707379134 0.3142743078880407 0.2172946386768448 0.3087003307888041 0.208004679389313 0.3081936055979644 0.2069912290076336 0.31613230025445294 0.20023489567430025 0.31697684223918576 0.19685672773536897 0.341130737913486 0.18824240203562342 0.3412996463104326 0.1835129669211196 0.3379214783715013 0.1858776844783715 0.326097893129771 0.18233060814249363 0.32474662595419845 0.18283733333333335 0.3043087150127226 0.14990020356234096 0.30160618066157757 0.14753548600508906 0.33741475318066155 0.14179260050890585 0.34467781170483464 0.1254084910941476 0.34569126208651396 0.125239582697201 0.3527854147582697 0.07490489058524173 0.34738034605597967 0.07642506361323155 0.33234750127226464 0.0654460203562341 0.33116514249363865 0.05345352671755725 0.4394354045801527 0.172196106870229 0.4524413486005089
0 0.06341911959287531 0.2973834707379135 0.07017545547073792 0.2992414631043257 0.06797964631043257 0.32896933587786265 0.0763406106870229 0.33040505597964376 0.07954987022900764 0.33581012468193383 0.13385390839694655 0.34256645801526714 0.1395967913486005 0.33952610687022905 0.14365059287531806 0.334965582697201 0.14795775572519085 0.29873473791348604 0.06308130279898219 0.29113386259541985 0.06341911959287531 0.2973834707379135
0 0.4442230254452926 0.4903612748091603 0.46010041221374043 0.4928949007633588 0.45773569465648856 0.5129949974554707 0.5369537175572519 0.5278589312977099 0.5470882188295165 0.47465279898218826 0.46989709669211194 0.45978886259541984 0.46229621882951655 0.4624913944020356 0.45689115267175573 0.45978886259541984 0.4442230254452926 0.4903612748091603
0 0.4550331603053435 0.452356893129771 0.5435411424936387 0.46975445547073796 0.5499596590330789 0.4368173256997455 0.46178949363867683 0.424318106870229 0.4550331603053435 0.452356893129771
0 0.45773569465648856 0.5401892417302799 0.46094495419847326 0.5401892417302799 0.46094495419847326 0.5430606844783715 0.5035098600508906 0.5510838320610687 0.5040165852417303 0.5500703816793894 0.5310419236641222 0.554039727735369 0.5347579083969466 0.5339396335877863 0.5243700432569974 0.5301391959287532 0.4705727302798982 0.5190756972010178 0.46837692111959284 0.5206803256997455 0.46145167684478366 0.5195824223918575 0.45773569465648856 0.5401892417302799
0 0.45173944783715014 0.572957465648855 0.4471789211195929 0.5727885572519085 0.4421116717557252 0.6050500534351145 0.5203162417302799 0.619913989821883 0.5282549363867685 0.5609649720101781 0.4988648804071247 0.5537019109414758 0.4611983155216285 0.5459321272264631 0.4562999720101781 0.5474523027989822 0.45173944783715014 0.572957465648855
0 0.5716643842239186 0.4753284300254453 0.5665971348600509 0.5121504554707379 0.5638946005089058 0.5136706284987277 0.5473415801526718 0.5979559033078881 0.5488617557251909 0.5981248117048346 0.5481861221374046 0.6050500534351145 0.6086553155216284 0.6167047302798982 0.6103443994910942 0.611806389312977 0.6127091170483461 0.6107929389312977 0.6280797786259542 0.5298858320610688 0.6285865038167938 0.5244807659033078 0.623519251908397 0.5216093231552164 0.6275730534351145 0.5062386615776081 0.6333159363867684 0.5060697531806616 0.638552096692112 0.488165465648855 0.6534160330788804 0.49171254198473285 0.6611858167938931 0.4547216106870229 0.6142292926208651 0.44526274300254454 0.5796030788804071 0.4401954910941476 0.5716643842239186 0.4753284300254453
0 0.6434504402035623 0.5724507404580153 0.6741917608142494 0.5771801730279899 0.7025683664122138 0.5748154580152672 0.7086490661577608 0.5180622468193384 0.6532471246819338 0.5113059134860051 0.6434504402035623 0.5724507404580153
0 0.6762186615776081 0.6455880610687023 0.6871977048346055 0.6504864045801526 0.6799346463104325 0.665688155216285 0.6878733384223918 0.6697419567430026 0.6701379592875318 0.7085908804071247 0.7282424376590331 0.7361229440203562 0.7311138804071248 0.7298733333333333 0.7549299592875318 0.7406834707379134 0.7608417506361324 0.7281842493638676 0.7632064681933842 0.7281842493638676 0.7905696234096693 0.6705864987277355 0.7841511043256997 0.6658570636132316 0.7910763486005089 0.6432233435114504 0.6919271399491095 0.6048811450381679 0.6762186615776081 0.6455880610687023
0 0.8353303384223919 0.6788630076335878 0.8745170788804071 0.6766672010178116 0.8735036284987278 0.6447435190839695 0.8824557735368956 0.6425477099236642 0.9317770152671756 0.6398451755725191 0.9326215572519083 0.6442367938931297 0.9348173664122137 0.6450813358778625 0.9356619058524173 0.6724444910941476 0.9533972849872774 0.6724444910941476 0.971301572519084 0.6702486819338422 0.969781396946565 0.5822474249363868 0.9402224325699745 0.5839365089058524 0.940053524173028 0.5981248117048346 0.8378639643765903 0.6020097022900763 0.832289989821883 0.6057256870229007 0.8324588982188295 0.6185627226463104 0.8353303384223919 0.6788630076335878
0 0.8378639643765903 0.6020097022900763 0.940053524173028 0.5981248117048346 0.9402224325699745 0.5839365089058524 0.9366753562340966 0.5521817353689568 0.8456337506361323 0.5558977201017812 0.8307698142493639 0.5586002544529262 0.832289989821883 0.6057256870229007 0.8378639643765903 0.6020097022900763
0 0.8596531424936387 0.5389224300254453 0.9363375394402036 0.5357131704834606 0.9375198982188294 0.5267610279898219 0.9571132697201018 0.5259164860050891 0.9569443613231552 0.49855333078880404 0.8571195190839694 0.4999045979643766 0.8596531424936387 0.5389224300254453
0 0.8854961221374046 0.4409555801526718 0.938871165394402 0.4409555801526718 0.9398846157760815 0.4092008066157761 0.8851583053435115 0.40649827226463103 0.8854961221374046 0.4409555801526718
0 0.9934777582697201 0.4982688167938932 0.9817738905852417 0.5027760407124682 0.9763688218829516 0.5113903664122138 0.9800848066157761 0.5833453282442749 0.9998030610687022 0.5820981526717558 0.9997336743002544 0.4981389745547074 0.9934777582697201 0.4982688167938932
0 0.966234320610687 0.47845323664122136 0.9851520585241731 0.4759196106870229 0.9866722315521628 0.4615623994910942 0.9861655063613232 0.44450265394402033 0.9655586870229007 0.4446715623409669 0.9648830534351146 0.44906318066157763 0.966234320610687 0.47845323664122136
0 0.9793104987277355 0 0.9745108295165394 0.025441007633587788 0.9998030610687022 0.02970226463104326 0.9999809185750637 0 0.9793104987277355 0
0 1 0.03981451908396947 0.9724839312977099 0.033548608142493636 0.9665721374045801 0.07391770737913486 0.9999418371501273 0.08007777099236642 1 0.06321061577608142 1 0.03981451908396947
0 1 0.1090181475826972 0.999774038167939 0.09349955979643766 0.9206290636132316 0.08726146819338422 0.9201223384223918 0.08506565903307889 0.8686052875318065 0.08219421628498727 0.8640447608142494 0.13016419083969466 0.8525589923664122 0.13151545801526718 0.8515455419847329 0.16225678117048345 0.8596531424936387 0.16360804834605597 0.8525589923664122 0.26292616539440206 0.8545858931297711 0.26292616539440206 0.8544169847328243 0.2698514071246819 0.8963062595419847 0.2718783078880407 0.8983331577608143 0.26883795674300254 0.9001911501272265 0.2372520941475827 0.9071163944020356 0.21242256488549618 0.9108323765903309 0.1752627251908397 0.9152239949109414 0.13117764122137404 1 0.13891355470737912 1 0.1090181475826972
0 1 0.1853131119592875 0.9888898804071247 0.18318320101781171 0.9885927913486006 0.1627798117048346 0.9353240916030534 0.15854079643765903 0.9108323765903309 0.1752627251908397 0.9081365343511449 0.2022211679389313 0.9251895877862596 0.20448387022900763 0.9251895877862596 0.2119158396946565 0.9772133638676844 0.21512509923664122 0.9787335394402036 0.21259147328244277 0.983969699745547 0.21242256488549618 0.9848142417302799 0.2090443969465649 1 0.20982163867684478 1 0.1853131119592875
0 0.9094811119592876 0.21900998982188294 0.9035693180661577 0.2364075521628499 0.9012046005089058 0.2612370814249364 0.9050894936386769 0.26478415776081426 0.967416679389313 0.27002031552162853 0.9729906564885497 0.26782450636132316 0.9765377302798983 0.2391100865139949 0.9734973791348601 0.23843445292620866 0.9745108295165394 0.21884108142493636 0.9142105445292621 0.2152940076335878 0.9094811119592876 0.21900998982188294
0 0.8916612773536896 0.33099623409669215 0.9091432951653944 0.3328542264631043 0.9243450458015268 0.3348811272264631 0.9265408549618321 0.30270408396946563 0.9712171170483461 0.30667343002544534 0.9723150229007633 0.27534092875318067 0.9684301297709924 0.2751720203562341 0.9675855877862596 0.2739896615776081 0.9017957811704834 0.26883795674300254 0.8994310636132316 0.2797325470737913 0.8947860839694657 0.2793947302798982 0.8916612773536896 0.33099623409669215
0 0.5447235012722647 0.22973567175572518 0.6605946386768449 0.23243820610687022 0.6626215394402035 0.19814980661577608 0.665492979643766 0.19831871501272266 0.6659997048346056 0.19240692366412213 0.6641417124681934 0.19223801526717554 0.6651551628498727 0.13869406361323156 0.5991119949109415 0.1370049796437659 0.5991119949109415 0.126194844783715 0.5904976666666667 0.12568811959287532 0.5894842162849873 0.11893178625954198 0.5516487430025445 0.11994523664122138 0.5447235012722647 0.22973567175572518
0 1 0.14335940203562342 0.994668368956743 0.14335940203562342 0.9941132671755725 0.1446083816793893 0.9913377557251908 0.1795798066157761 0.9999418371501273 0.18027368447837153 1 0.16480243256997457 1 0.14335940203562342
0 1 0.21961434860050894 0.9894673155216285 0.22284033842239184 0.9838438804071247 0.3175226564885496 1 0.31916565394402036 1 0.21961434860050894
0 0.7168952239185751 1 0.7749867480916031 0.9996736437659033 0.7735989923664123 0.9787185419847328 0.7676316463104326 0.9789960916030535 0.7663826666666667 0.977192010178117 0.6996316488549619 0.9819103791348601 0.7008744478371502 1 0.7168952239185751 1
0 0.49826396692111957 1 0.4981296183206107 0.995163437659033 0.4316561526717558 0.9840613994910942 0.43290513231552163 0.9783716030534352 0.4251025089058524 0.9745151857506361 0.41361533842239184 0.9746246641221374 0.412227582697201 0.987392010178117 0.41514186768447836 0.9879471119592875 0.41375647837150126 1 0.49826396692111957 1
0 0.659217134860051 1 0.6575826717557252 0.9842001730279898 0.5686332926208651 0.9782704351145038 0.5682112468193384 0.9997430305343511 0.6103542569974555 1 0.659217134860051 1