0 0.8237714096692113 0.9430115063613231 0.9066253282442749 0.9618511501272264 0.9147283994910942 0.9227538244274809 0.8328873664122137 0.9043193358778625 0.8237714096692113 0.9430115063613231
0 0.8991353155216285 1 0.9037892519083969 0.9774495648854962 0.9021686361323156 0.9760315267175573 0.9031815216284987 0.9667129923664122 0.8930526819338422 0.9644846488549618 0.8902166055979643 0.9727902977099236 0.8742130381679389 0.9705619516539441 0.8762388040712469 0.9606356895674301 0.8746181908396946 0.9584073435114504 0.8237714096692113 0.9480759262086514 0.8213404885496183 0.9498991170483461 0.8110300941475826 1 0.8991353155216285 1
0 0.5800715063613231 0.9053322188295165 0.6775109516539439 0.9223486717557252 0.6939196743002545 0.8330122977099237 0.6489476208651399 0.824909223918575 0.5946570356234097 0.8186293435114504 0.5800715063613231 0.9053322188295165
0 0.5657898396946566 0.979171465648855 0.6656602086513995 0.9984162646310433 0.6682937073791348 0.9935544198473282 0.6804483155216284 0.938250951653944 0.679638010178117 0.9368329134860052 0.679638010178117 0.9291349949109415 0.5810843893129771 0.9088773129770993 0.5657898396946566 0.979171465648855
0 0.3445759618320611 0.839393465648855 0.3520713027989822 0.8412166564885496 0.3547048015267176 0.8400011959287532 0.41831392111959287 0.8454707709923664 0.41811134351145035 0.8493197302798982 0.3547048015267176 0.842837272264631 0.3452849796437659 0.8438501552162849 0.3395115419847328 0.8902402468193384 0.3599717989821883 0.8922660152671756 0.3601743765903308 0.8938866284987277 0.39137120610687026 0.8973304351145038 0.39197893638676845 0.8946969363867685 0.42074484223918573 0.8983433180661577 0.42175772773536896 0.8961149745547073 0.4256066870229008 0.8541815725190839 0.42884791603053435 0.8464836539440204 0.43168398982188294 0.8114378651399491 0.34903265139949113 0.803942524173028 0.3445759618320611 0.839393465648855
0 0.34022055979643767 0.8921647251908398 0.32907883460559795 0.8914557073791348 0.3239131272264631 0.8946969363867685 0.32198864631043256 0.9293375699745547 0.3375870610687023 0.9314646284987278 0.338397368956743 0.9444295445292622 0.34042313740458013 0.9444295445292622 0.3410308676844783 0.9535455012722647 0.44333215776081425 0.9636743409669212 0.44495277099236646 0.942403776081425 0.4196306692111959 0.9387573918575063 0.41890774045801527 0.9003120381679389 0.40929925190839694 0.8991536259541985 0.39410599236641225 0.8988497608142494 0.3937008396946565 0.9005716641221374 0.3618962798982188 0.8980394529262087 0.35875633842239185 0.8951020890585242 0.34022055979643767 0.8921647251908398
0 0 0.9966977150127226 0.02566941475826972 0.9997836564885497 0.029113221374045803 0.9756770178117048 0 0.972037865139949 0 0.9966977150127226
0 0 0.6778429923664122 0.022023033078880407 0.6835612519083969 0.029315796437659032 0.6608726488549619 0.0362034096692112 0.6308912824427481 0 0.6205121475826972 0 0.6778429923664122
0 0 0.5887013027989821 0.02131401272264631 0.5944274554707379 0.017971496183206107 0.5982764147582698 0.015439284987277353 0.6123555038167938 0.02678358778625954 0.6165083282442748 0.03833046564885496 0.6188379618320611 0.04531936641221374 0.6004034707379134 0.05220697709923664 0.5740684860050891 0.054840475826972004 0.5734607557251908 0.07185692875318066 0.49040426208651394 0.06294354707379135 0.4885810712468193 0.0659822010178117 0.4697414274809161 0.04734513486005089 0.46528473791348596 0.02941708651399491 0.46315768193384227 0.025770702290076337 0.4811870178117048 0.014628979643765904 0.47905996183206107 0.008956826972010178 0.5065091195928754 0.006525905852417304 0.5054962340966921 0.00024602544529262084 0.5375033715012723 0.0034872544529262082 0.5381111017811705 0 0.5529642188295165 0 0.5887013027989821
0 0.04856059541984733 0.6204585750636132 0.0509915165394402 0.6214714605597964 0.04876317048346056 0.6384879134860051 0.0949506844783715 0.6512502519083969 0.09819191348600509 0.6378801806615776 0.0949506844783715 0.6330183384223919 0.11095425190839694 0.569611796437659 0.11966505597964378 0.5649525292620865 0.12290628498727735 0.5432768117048347 0.07185692875318066 0.5309196259541985 0.04856059541984733 0.6204585750636132
0 0.11257486768447837 0.5756891017811705 0.10629498727735369 0.6016189312977099 0.16828349109414759 0.6176225012722646 0.17638656234096692 0.5872359796437658 0.11561351908396947 0.5722452951653945 0.11257486768447837 0.5756891017811705
0 0.09859706615776082 0.6297771094147583 0.10386406361323154 0.6407162569974555 0.10021768193384223 0.654694058524173 0.1541031145038168 0.6678615496183206 0.16727060559796436 0.6210663053435115 0.10528210178117049 0.6044550076335877 0.09859706615776082 0.6297771094147583
0 0.07084404325699746 0.7018944554707379 0.13627635368956742 0.7164799847328245 0.14458200254452927 0.6804213129770992 0.09657130025445292 0.671913086513995 0.09474810687022901 0.6767749287531807 0.07752907888040712 0.6725208167938931 0.07084404325699746 0.7018944554707379
0 0.7010605063613231 0.6986532264631043 0.7061249262086514 0.6998686870229007 0.7071378117048347 0.7018944554707379 0.7673031246819337 0.7164799847328245 0.7683160076335878 0.7164799847328245 0.7756087735368957 0.7181006005089058 0.7766216590330789 0.7168851374045802 0.782698961832061 0.7176954452926209 0.7966767633587787 0.6672538193384224 0.7948535699745547 0.664620320610687 0.7312444529262087 0.6476038676844784 0.7282057989821884 0.648819330788804 0.7130125394402036 0.6476038676844784 0.7010605063613231 0.6986532264631043
0 0.6874878600508906 0.7517283511450381 0.6868801297709923 0.7598314223918574 0.7687211628498728 0.7811019872773536 0.7835092697201018 0.7276217099236642 0.7760139262086514 0.7223547124681934 0.7081506946564886 0.7061485674300255 0.7061249262086514 0.7073640279898218 0.6982244325699746 0.706351145038168 0.6874878600508906 0.7517283511450381
0 1 0.5715512162849873 0.9980381145038167 0.5712324096692112 0.9765649720101781 0.6931836513994911 1 0.6991636234096692 1 0.5715512162849873
0 1 0.6991636234096692 0.9793326055979644 0.6938898753180661 0.961371709923664 0.7770504529262087 0.9899350407124682 0.7833303333333334 1 0.785430844783715 1 0.6991636234096692
0 1 0.8048456819338422 0.9582317709923663 0.7986248829516539 0.9551931170483461 0.8172619491094147 0.9489132366412214 0.8500793918575064 0.9991522849872774 0.8583850407124682 1 0.8550593893129771 1 0.8048456819338422
0 1 0 0.9559799643765904 0 0.9542308778625954 0.006954699745547074 0.9218185877862595 0.007967582697201018 0.9129052086513995 0.007967582697201018 0.9043969821882952 0.04686233078880407 0.9983926234096692 0.06914578117048346 1 0.0623718320610687 1 0.05719374809160306 0.9994055063613232 0.05719374809160306 1 0.054645918575063616 1 0
0 0.802689699745547 0 0.7962209643765903 0.02700980407124682 0.808375572519084 0.029440725190839692 0.8104013409669212 0.03653091348600509 0.8462574376590332 0.04605202544529262 0.8606403918575064 0.04301337150127226 0.8983196768447836 0.0525344834605598 0.9027763664122137 0.05152159796437659 0.9043969821882952 0.04686233078880407 0.9129052086513995 0.007967582697201018 0.9144459007633587 0 0.802689699745547 0
0 0.7907513893129771 0.2040619389312977 0.7864972773536896 0.20507482188295165 0.7629983664122137 0.20102328498727734 0.7522617964376591 0.24822368193384223 0.7765710127226463 0.2528829491094148 0.773937513994911 0.2545035648854962 0.7763684376590331 0.2581499465648855 0.7785967811704835 0.25673190839694654 0.7731272086513995 0.2846875089058524 0.8278229465648855 0.2962343867684478 0.8235688346055979 0.31223795674300253 0.8310641755725191 0.3142637226463105 0.8349131348600508 0.3177075292620865 0.8371414809160306 0.31872041475826973 0.8401801323155216 0.3193281450381679 0.8452445521628499 0.31973329770992365 0.8478780508905852 0.3193281450381679 0.8499038193384224 0.3185178371501272 0.8602352366412214 0.3207461806615776 0.8638816208651399 0.3100096106870229 0.8956861781170483 0.31669464631043254 0.919995396946565 0.2109495496183206 0.9212108575063613 0.20102328498727734 0.7976390025445292 0.173675417302799 0.7907513893129771 0.2040619389312977
0 0.3971446437659033 0.3509301272264631 0.3937008396946565 0.3509301272264631 0.3908647633587786 0.37118780916030536 0.3937008396946565 0.37118780916030536 0.39106734096692114 0.3867862213740458 0.3932956844783715 0.38800168447837147 0.38985187786259545 0.4104877099236642 0.39289053180661576 0.4208191272264631 0.3892441475826972 0.4404690788804071 0.397954951653944 0.4453309211195929 0.42287189821882953 0.44958503307888037 0.42449251399491095 0.4426974223918575 0.4295569338422392 0.4406716539440204 0.43198785496183206 0.42790931552162853 0.44150896692111957 0.4283144681933842 0.4498146157760814 0.37037750127226465 0.45285326717557256 0.36936461577608143 0.45548676590330794 0.3446502442748091 0.4111224452926209 0.3375600559796438 0.409704407124682 0.3438399389312977 0.397954951653944 0.34161159287531806 0.3971446437659033 0.3509301272264631
0 0.35703443511450383 0.3466760127226463 0.3270530661577608 0.3408012849872773 0.3199628778625954 0.39023002798982187 0.32198864631043256 0.39225579643765907 0.33150975826972007 0.3918506437659033 0.33272521882951656 0.3861784910941476 0.3525777455470738 0.3882042595419848 0.3519700152671756 0.39914340712468194 0.3539957837150127 0.4058284427480916 0.3497416692111959 0.4307453918575064 0.35338805343511454 0.432568582697201 0.35338805343511454 0.436620117048346 0.37324058015267175 0.4404690788804071 0.37749469465648855 0.43358146564885497 0.3819513842239186 0.4191985114503817 0.3878261119592875 0.3914454885496183 0.39106734096692114 0.3867862213740458 0.3937008396946565 0.37118780916030536 0.3908647633587786 0.37118780916030536 0.3937008396946565 0.3509301272264631 0.3870158040712468 0.33938324936386766 0.39410599236641225 0.3057554987277354 0.3373844834605598 0.2950189262086514 0.3313071806615776 0.33452140458015267 0.3578447430025445 0.3414090152671756 0.35703443511450383 0.3466760127226463
0 0.06269032824427481 0.3446502442748091 0.06025940458015267 0.3446502442748091 0.058436213740458015 0.3551842391857506 0.09895157760814251 0.36348988804071247 0.10421857506361323 0.3401935547073791 0.10705464885496183 0.3405987099236641 0.13257932824427482 0.22006550636132316 0.08943046564885496 0.20892378117048346 0.08841758269720101 0.2064928600508906 0.06147486768447837 0.19960524681933842 0.03615276590330788 0.323784834605598 0.06653928753180662 0.33067244529262085 0.06269032824427481 0.3446502442748091
0 0.07950420356234097 0.19838978625954198 0.07950420356234097 0.20142844020356235 0.14108755470737913 0.21722943002544529 0.14959577862595422 0.17833468193384225 0.13744117048346058 0.1734728396946565 0.15486277608142493 0.10074776335877862 0.09935673027989822 0.08899830788804071 0.09206396437659033 0.12060029007633587 0.12285564122137405 0.1295136717557252 0.11880410432569975 0.147745582697201 0.07747843511450381 0.1400476641221374 0.06410836386768448 0.1953511348600509 0.07950420356234097 0.19838978625954198