0 0.045430379134860054 0.9908147913486005 0.05370689058524173 0.9899702493638677 0.056240516539440205 0.9921660585241731 0.1543762748091603 0.9945307760814249 0.15454518320610688 0.9933484173027989 0.16214605852417305 0.99182824173028 0.1628216921119593 0.9619314631043256 0.044754745547073795 0.9605801959287532 0.045430379134860054 0.9908147913486005
0 0.16044089567430025 1 0.16045697455470737 0.9995980279898218 0.15471409160305344 0.9990913027989822 0.1538695496183206 0.9975711272264631 0.045768195928753176 0.995713134860051 0.045526374045801524 1 0.16044089567430025 1
0 0.22886486259541983 0.9360884834605597 0.27193649363867683 0.9374397506361323 0.27497684478371504 0.9041648015267176 0.2567347430025445 0.9009555419847328 0.23089176335877865 0.9006177251908397 0.22886486259541983 0.9360884834605597
0 0.1739696437659033 0.984480727735369 0.1772633562340967 0.984480727735369 0.17751672010178118 0.9830450076335877 0.1816549745547074 0.9831294605597966 0.1812327048346056 0.9851563613231552 0.25884609669211195 0.9877744427480916 0.25749482951653946 0.9538238600508906 0.17616545292620867 0.9517969592875317 0.1739696437659033 0.984480727735369
0 0.2537157786259542 1 0.253778844783715 0.9904769745547074 0.1737162824427481 0.9884500763358778 0.17344345038167938 1 0.2537157786259542 1
0 1 0.9601185063613231 0.9874520432569974 0.956845124681934 0.9793104987277355 1 0.9999809185750637 1 1 0.9968136005089059 1 0.9601185063613231
0 0.8931392264631043 0.7662933511450382 0.895799534351145 0.7692914732824427 0.8948705368956743 0.7746965419847328 0.8919990941475826 0.7768923511450382 0.8881142035623409 0.7772301679389313 0.8688586488549619 0.8811088117048346 0.9276387608142493 0.8925945801526718 0.9298345674300255 0.882797893129771 0.9289900279898219 0.881615534351145 0.9289900279898219 0.8748592010178117 0.9240916844783714 0.8706364910941476 0.9355774529262086 0.8069580381679389 0.9419959694656488 0.8078025801526717 0.9457119541984733 0.801552972010178 0.9490901221374045 0.7870268524173029 0.9484144885496184 0.78618231043257 0.9472321297709924 0.7801016081424936 0.9533972849872774 0.7529918167938932 0.8990087913486005 0.741928320610687 0.8931392264631043 0.7662933511450382
0 1 0.7631040025445293 0.9593935318066157 0.7578057048346055 0.9516237480916031 0.7897293867684478 0.9690213078880408 0.7939520941475826 0.9669944096692111 0.7978369872773537 0.9610826157760815 0.7990193460559797 0.9492590305343512 0.7974991704834605 0.9467254045801526 0.8047622315521628 0.941235882951654 0.8106740229007634 0.9341417328244275 0.8387972646310433 0.9349862748091603 0.8416687073791349 1 0.8549674173027989 1 0.8448266335877862 0.9995255114503817 0.7850410534351145 1 0.7662987455470739 1 0.7631040025445293
0 1 0.8590643231552163 0.9368442646310433 0.8444556946564885 0.9328749185750637 0.8448779669211196 0.9283143944020357 0.8686095903307888 0.9321992849872773 0.8719033053435115 0.9311858346055979 0.8751125623409669 1 0.8865651119592876 1 0.8590643231552163
0 0.29423239949109414 0.7087378269720103 0.2959214834605598 0.7246152111959288 0.32750734605597964 0.7263042951653944 0.33139223918575067 0.7028260330788804 0.38898998982188293 0.7121159923664122 0.39523960050890583 0.6734359770992367 0.30369126717557254 0.6604300330788805 0.29423239949109414 0.7087378269720103
0 0.2849424376590331 0.7840709567430025 0.2810575470737914 0.8110962951653945 0.3393309312977099 0.8220753384223918 0.3455805419847328 0.7972458091603054 0.3644982773536896 0.7980903511450382 0.3697344376590331 0.7627885012722647 0.3606133842239186 0.760423786259542 0.36365373536895673 0.7374522468193384 0.32750734605597964 0.7263042951653944 0.2959214834605598 0.7246152111959288 0.2849424376590331 0.7840709567430025
0 0.2849424376590331 0.7840709567430025 0.29253031806615776 0.7429796768447837 0.26197090076335877 0.736100979643766 0.23072285496183206 0.734242989821883 0.22025053689567428 0.7957256335877863 0.25166749109414754 0.8001172493638676 0.28200583460559797 0.8044995012722645 0.2849424376590331 0.7840709567430025
0 0.07042881679389314 0.6513089821882951 0.07465152671755725 0.6516467989821884 0.06907755216284987 0.7286690127226463 0.0597875903307888 0.7274866539440205 0.05961868193384224 0.744208582697201 0.05539597455470738 0.7690381119592876 0.0533690737913486 0.7690381119592876 0.0538757989821883 0.7860978549618322 0.08917764631043258 0.7898138396946565 0.08698183715012722 0.8131231933842239 0.12025678371501272 0.8175148117048346 0.14880229770992368 0.814981185750636 0.15572754198473282 0.7298513715012723 0.15741662595419847 0.6367828625954198 0.11822988549618321 0.6345870534351145 0.07042881679389314 0.6322223384223918 0.06958427480916031 0.6377963129770993 0.07042881679389314 0.6513089821882951
0 0.0008385725190839695 0.7847465903307889 0.050497631043257 0.788462572519084 0.050666539440203565 0.7708961043256998 0.04982199745547073 0.7550187175572519 0.05505815776081425 0.7046840254452927 0.05877413994910942 0.7028260330788804 0.06485484223918575 0.6550249669211196 0.05539597455470738 0.6508022569974554 0.056071608142493644 0.6330668804071247 0.01789831806615776 0.6318845216284987 0.009621806615776081 0.6975898727735369 0.01333779134860051 0.6975898727735369 0.007088180661577609 0.759579244274809 0.003203290076335878 0.7599170610687023 0.0020209312977099237 0.7653221272264631 0.0008385725190839695 0.7847465903307889
0 0 0.09777354198473283 0.0453248117048346 0.10108998982188296 0.05140551399491094 0.04129643002544529 0.04954752162849873 0.04011407124681934 0.04954752162849873 0.035046819338422394 0 0.031534832061068704 0 0.09777354198473283
0 0 0.1356456717557252 0.03291004834605598 0.13824982951653944 0.035190310432569975 0.13698301781170483 0.03772393638676845 0.10826859541984732 0.030967600508905853 0.1066639669211196 0.029025155216284987 0.10514379134860052 0 0.10274958524173028 0 0.1356456717557252
0 0.058499664122137404 0.04408341730279898 0.0492097048346056 0.11384257251908396 0.08738299491094148 0.1162072875318066 0.09228133842239185 0.041043066157760814 0.06306019083969465 0.03817162595419847 0.058499664122137404 0.04408341730279898
0 0.10697636386768447 0.24491546055979646 0.18450530279898217 0.26298865648854963 0.18805237913486003 0.25082725445292625 0.19784906361323157 0.2531919720101781 0.21406426717557253 0.18275718320610687 0.12606301017811705 0.16231927226463105 0.10697636386768447 0.24491546055979646
0 0.20257849872773537 0.2531919720101781 0.22875929516539442 0.26045503053435115 0.2517308320610687 0.2645088320610687 0.2650745928753181 0.19491858524173028 0.2174424351145038 0.18343281679389312 0.20257849872773537 0.2531919720101781
0 0.3162538269720102 0.4660165089058524 0.3731759440203562 0.48003590330788803 0.3787499211195928 0.4798669949109415 0.3897289643765904 0.4352751857506362 0.32706396183206105 0.4232826921119593 0.3162538269720102 0.4660165089058524
0 0.33686064631043255 0.4188910737913486 0.3878709720101781 0.4308835674300254 0.395302941475827 0.3945682697201017 0.34699514758269717 0.3846026768447837 0.33686064631043255 0.4188910737913486
0 0.3088218575063613 0.5011494478371501 0.36996668702290075 0.5148310254452927 0.37013559541984736 0.5089192315521629 0.3627036259541985 0.49523765394402036 0.374020486005089 0.4847653358778626 0.31591601017811705 0.4710837582697201 0.3088218575063613 0.5011494478371501
0 0.3610145419847328 0.29322325190839693 0.4319560559796438 0.3114653562340967 0.4404014732824427 0.2793727659033079 0.43516531297709926 0.27751477608142494 0.43837457251908396 0.26332647328244274 0.40020128244274805 0.25386760305343514 0.3956407582697201 0.26484664885496184 0.3691221450381679 0.26366429007633585 0.3610145419847328 0.29322325190839693
0 0.454589776081425 0.3403486870229008 0.5111740763358779 0.35369244783715015 0.5336388905852417 0.2587659465648855 0.5398884987277354 0.2577524961832061 0.5429288498727736 0.245084368956743 0.5263758295165395 0.24187510941475826 0.5262069211195929 0.23883476081424937 0.48685127226463104 0.22870025699745547 0.48516218829516544 0.23174060814249364 0.4799260305343511 0.23140279134860053 0.454589776081425 0.3403486870229008
0 0.5098228117048346 0.4947309287531807 0.5498540916030534 0.5019939898218829 0.5638734860050891 0.4166952671755725 0.5245178371501272 0.4104456564885496 0.5098228117048346 0.4947309287531807
0 0.5545835267175573 0.5026696234096693 0.5816088651399491 0.5085814147582698 0.5822844987277354 0.506892330788804 0.5858315750636133 0.506892330788804 0.5932635419847329 0.4704081246819339 0.5866761145038168 0.46635432569974555 0.5914055496183206 0.434937368956743 0.6032291348600509 0.4352751857506362 0.612012368956743 0.38139341730279896 0.5743458040712468 0.3776774351145038 0.5684340127226463 0.41703308396946565 0.5545835267175573 0.5026696234096693
0 0.6059316692111959 0.5129730330788804 0.6248494045801527 0.5161822926208651 0.6312679236641221 0.4736173842239186 0.6140392697201018 0.4704081246819339 0.5988375190839694 0.4675366844783715 0.5893786488549618 0.5085814147582698 0.6059316692111959 0.5129730330788804
0 0.5998509669211196 0.5582404732824428 0.5937702671755726 0.5580715648854961 0.5914055496183206 0.5732733180661578 0.6234981399491094 0.5744556768447837 0.6265384885496184 0.5369580203562341 0.6013711424936388 0.5340865776081425 0.5998509669211196 0.5582404732824428
0 0.7371734681933843 0.45520637404580155 0.7402138167938931 0.45554418829516535 0.7346398422391858 0.5251344351145039 0.7974737531806616 0.5317218600508906 0.8050746284987278 0.44236933842239184 0.8091284300254453 0.3889942951653944 0.7694349643765903 0.38544721882951655 0.7653811628498728 0.4356130025445293 0.7390314580152673 0.43544409414758267 0.7371734681933843 0.45520637404580155
0 0.6545772773536896 0.7965701755725191 0.7060943282442748 0.7982592569974555 0.7071077786259542 0.7594103333333333 0.657110903307888 0.7590725165394402 0.6545772773536896 0.7965701755725191
0 0.5692785547073791 0.7921785572519083 0.634815 0.7928541908396947 0.6368418982188295 0.7523161832061068 0.5713054554707379 0.7486001984732825 0.5692785547073791 0.7921785572519083
0 0.6562663613231553 0.30149976335877865 0.6314368320610687 0.3004863129770992 0.629747748091603 0.34085541221374044 0.6525503765903308 0.3423755852417303 0.6542394605597964 0.34626047837150126 0.6535638269720102 0.36619166666666664 0.7111615801526717 0.3700765572519084 0.767239155216285 0.3707521908396947 0.7721374987277354 0.26045503053435115 0.7130195699745547 0.2577524961832061 0.7128506615776081 0.25893485496183205 0.7093035877862595 0.25910376335877866 0.7067699618320611 0.28089294147582694 0.6574487201017811 0.27819040966921116 0.6562663613231553 0.30149976335877865
0 0.8011897353689568 0.21560986005089058 0.7947712188295165 0.2576680432569975 0.9018591221374046 0.27540341984732825 0.9168919643765904 0.1838550865139949 0.8695976234096692 0.17524076081424936 0.8733136081424936 0.15041123155216285 0.8130133231552162 0.14247253944020358 0.8011897353689568 0.21560986005089058
0 0.9319248091603053 0.17760547837150126 0.9261819262086514 0.20750225954198473 0.9902275521628499 0.2182818982188295 0.9949459185750636 0.1908043486005089 0.9319248091603053 0.17760547837150126
0 0.9255062926208651 0.2110493333333333 0.9216213994910941 0.24094611450381678 0.9336138931297709 0.24635118320610686 0.9841214300254453 0.25408597709923664 0.9891173486005089 0.2218900610687023 0.9255062926208651 0.2110493333333333
0 1 0.13608791094147582 0.9331071679389313 0.12423043511450382 0.9260130178117049 0.16003900763358778 0.9996642875318066 0.1747063893129771 1 0.15137436386768446 1 0.13608791094147582
0 1 0.09239208396946565 0.9998493206106871 0.060447893129770995 0.983059814249364 0.056476979643765905 0.9841214300254453 0.05230639694656489 0.9418059491094147 0.046701496183206105 0.9352185216284987 0.08943531297709924 1 0.09966967430025445 1 0.09239208396946565
0 0.8690064452926209 0.08825295419847329 0.9149495190839694 0.09636055470737913 0.9210302213740458 0.07068648346055979 0.8744115114503818 0.06291669974554708 0.8690064452926209 0.08825295419847329
0 0.6306767430025445 0.146864155216285 0.7245897938931297 0.1661197099236641 0.7379335547073791 0.10379252417302798 0.7340486615776082 0.09771182188295165 0.6440205038167939 0.076429368956743 0.6306767430025445 0.146864155216285
0 0.620880058524173 0.18486853689567428 0.7158065597964377 0.20513754198473283 0.7244208854961832 0.17034241984732823 0.6345616361323155 0.1515935903307888 0.6284809363867685 0.1521003155216285 0.620880058524173 0.18486853689567428
0 0.7404671806615776 0.10311689058524173 0.7196914503816794 0.20767116793893128 0.7549933002544529 0.2151031348600509 0.7786404707379134 0.10565051653944021 0.7433386234096692 0.0983874554707379 0.7404671806615776 0.10311689058524173
0 0.6016245063613231 0.06359233333333333 0.648243213740458 0.07389574300254453 0.6565197226463104 0.03893171246819338 0.6088875648854962 0.028459394402035626 0.6016245063613231 0.06359233333333333
0 0.43609431043256996 0.1647684427480916 0.45518095419847326 0.1689911526717557 0.4553498625954198 0.1716936844783715 0.5332166183206107 0.1877399796437659 0.5332166183206107 0.18486853689567428 0.5515431755725191 0.18765552671755725 0.5589751450381679 0.14973559796437658 0.5407330407124682 0.14568179643765905 0.5441112086513995 0.11156230788804071 0.525024562340967 0.1073395979643766 0.5270514631043257 0.096022737913486 0.49310088295165394 0.09315129770992367 0.4910739821882952 0.09872527226463104 0.4870201806615776 0.10075217302798982 0.4530696005089059 0.09517819592875318 0.4521406055979644 0.09906308905852416 0.43609431043256996 0.1647684427480916
0 0.3496895521628499 0 0.3468262391857507 0.012919824427480917 0.4620217430025445 0.03724262849872773 0.4675957201017812 0.008443753180661578 0.4631196488549618 0.007261394402035623 0.4624440152671756 0.006247944020356234 0.4348113562340967 0 0.3496895521628499 0
0 0.4551424631043257 0 0.45974148091603056 0.0010117837150127227 0.46962262086513995 0.0011806921119592874 0.4698778371501272 0 0.4551424631043257 0
0 0.988839796437659 0.25852679389312977 0.9813459211195928 0.25949822137404577 0.9785704096692112 0.27282066921119597 0.9996642875318066 0.27504107888040713 0.9999418371501273 0.18136761323155218 0.988839796437659 0.25852679389312977